HV12717 8.84285 13.051 0.017 14.69 13.91
HV12724 13.7437 12.655 0.02 14.77 13.74
U1 22.5583 11.916 0.03 14.09 13.09
HV12452 8.73611 13.025 0.015 14.77 13.95
HV12471 15.8513 12.453 0.02 14.73 13.66
U11 20.0727 11.972 0.032 13.66 12.85
HV873 34.348 11.109 0.027 13.06 12.16
HV872 29.8552 11.54 0.024 13.69 12.71
HV875 30.3545 11.285 0.012 12.96 12.17
HV876 22.7061 11.766 0.031 13.53 12.7
HV6098 24.2375 11.405 0.016 12.95 12.27
HV878 23.2959 11.735 0.028 13.49 12.68
HV12505 14.3851 12.6 0.022 14.55 14.0
HV879 36.782 11.157 0.026 13.64 12.52
HV2257 39.294 10.944 0.031 13.05 12.08
HV881 35.7603 11.142 0.03 13.09 12.19
HV2262 15.8462 12.235 0.022 14.29 13.33
HV882 31.8164 11.328 0.028 13.35 12.44
HV12225 3.00736 14.639 0.016 16.16 15.42
HV2260 12.9872 12.86 0.026 14.85 13.91
HV2282 14.6655 12.392 0.021 14.31 13.43
HV5541 2.68225 14.668 0.035 15.97 15.35
HV12747 3.59917 14.357 0.018 15.77 15.13
HV902 26.359 11.469 0.03 13.25 12.36
HV2352 13.6261 12.45 0.015 14.21 13.38
HV909 37.578 10.984 0.025 13.03 12.1
HV12765 3.42924 13.914 0.012 15.29 14.67
HV5655 14.2114 12.553 0.022 14.52 13.57
HV2405 6.92374 13.496 0.013 15.16 14.37
HV2432 10.9245 12.653 0.014 14.24 13.5
HV2463 13.9652 12.381 0.017 14.22 13.35
HV2527 12.948 12.684 0.021 14.62 13.73
HV955 13.7319 12.342 0.019 14.02 13.24
HV2549 16.1967 12.078 0.02 13.67 12.93
HV2538 13.8689 12.452 0.014 14.5 13.53
HV971 9.29696 12.857 0.014 14.48 13.73
HV2579 13.4313 12.334 0.016 14.04 13.24
HV2580 16.9226 12.102 0.024 14.01 13.14
HV12816 9.10768 13.059 0.01 14.49 13.85
HV12815 26.0628 11.424 0.043 13.48 12.54
HV997 13.147 12.575 0.018 14.58 13.64
HV1005 18.7098 12.141 0.03 14.03 13.07
HV2733 8.72158 13.053 0.009 14.68 13.96
HV1006 14.2121 12.375 0.023 14.36 13.44
HV2836 17.5278 12.276 0.023 14.63 13.55
HV1023 26.5386 11.618 0.028 13.77 12.75
HV2854 8.63489 12.979 0.01 14.65 13.87
HV12656 13.3998 12.453 0.01 14.15 13.37
HV6065 6.83803 13.496 0.01 15.2 14.4
HV12700 8.15255 13.151 0.009 14.86 14.11
HV6093 4.78477 13.83 0.016 15.33 14.65
