HV5497 99.2 1.2 9.66 0.081
HV2827 78.86 1.23 10.04 0.082
OGL-1290 48.38 1.08 10.59 0.084
OGL-0966 47.44 1.08 10.8 0.081
OGL-0945 36.58 1.04 10.92 0.086
HV2338 42.24 1.11 10.85 0.085
OGL-1113 37.56 0.97 11.03 0.084
OGL-0512 39.4 1.13 11.0 0.086
OGL-0328 34.46 1.05 11.16 0.084
HV1002 30.47 0.91 11.23 0.085
OGL-0434 30.34 0.94 11.33 0.081
OGL-0528 35.71 1.03 11.19 0.085
OGL-0461 45.21 1.29 11.03 0.082
HV6098 24.24 0.78 11.45 0.082
OGL-1637 31.95 1.12 11.34 0.09
OGL-0510 36.83 1.21 11.27 0.104
OGL-0999 26.34 1.03 11.52 0.085
OGL-2504 24.34 0.98 11.52 0.084
OGL-0986 31.05 1.08 11.41 0.101
OGL-0590 31.79 1.03 11.43 0.095
OGL-1058 30.4 1.04 11.46 0.085
OGL-0654 27.9 1.21 11.37 0.085
HV12815 26.06 1.08 11.48 0.091
OGL-0821 25.8 1.3 11.62 0.087
HV886 23.97 0.96 11.58 0.085
OGL-0068 28.38 1.23 11.61 0.084
OGL-1677 23.58 1.17 11.73 0.083
OGL-2019 28.1 1.07 11.68 0.087
OGL-0467 22.72 1.09 11.82 0.086
OGL-0367 29.87 1.32 11.6 0.084
OGL-3158 26.56 1.18 11.68 0.085
OGL-2176 23.05 1.24 11.91 0.082
OGL-0801 21.26 1.01 11.94 0.091
OGL-0501 23.31 0.76 11.78 0.085
OGL-2832 24.13 1.1 11.69 0.084
OGL-2023 16.22 1.04 12.12 0.082
OGL-0935 21.12 1.06 11.91 0.084
OGL-1080 18.66 1.14 12.02 0.085
OGL-0819 22.32 1.2 11.98 0.087
OGL-1587 21.61 1.14 11.88 0.089
OGL-0844 17.21 0.97 12.1 0.09
OGL-2949 19.22 1.19 12.02 0.083
OGL-0249 20.08 1.03 12.03 0.086
OGL-1833 19.16 1.11 12.14 0.084
OGL-0079 22.54 1.15 11.98 0.085
HV2580 16.92 1.0 12.15 0.084
OGL-0787 17.52 1.06 12.26 0.093
OGL-2056 15.84 0.99 12.26 0.084
OGL-2534 18.72 1.03 12.19 0.085
HV2579 13.43 0.92 12.38 0.082
HV955 13.73 0.9 12.39 0.082
OGL-0970 17.46 1.1 12.26 0.09
OGL-0727 14.49 0.99 12.38 0.092
OGL-1641 13.96 0.99 12.41 0.084
OGL-0545 15.83 1.1 12.29 0.083
OGL-1031 18.47 1.22 12.28 0.083
OGL-3203 13.4 0.94 12.5 0.081
OGL-2780 23.11 1.42 12.03 0.082
OGL-1100 13.63 0.95 12.5 0.081
OGL-1578 13.28 0.92 12.55 0.087
OGL-0848 15.99 0.95 12.42 0.086
OGL-1088 13.88 1.03 12.43 0.088
OGL-1180 15.13 0.98 12.26 0.088
OGL-0683 14.68 1.04 12.44 0.083
OGL-1166 13.91 1.01 12.51 0.085
OGL-2030 13.87 1.15 12.51 0.081
OGL-1001 14.47 1.02 12.45 0.084
OGL-2636 14.22 1.05 12.43 0.083
OGL-0500 13.98 0.88 12.47 0.082
OGL-3013 13.66 0.99 12.51 0.085
OGL-1538 10.92 0.83 12.7 0.081
OGL-2189 10.99 0.86 12.74 0.083
OGL-1539 13.51 1.07 12.45 0.084
HV2836 17.53 1.23 12.34 0.083
OGL-0741 10.79 0.88 12.68 0.087
OGL-1184 14.21 1.13 12.61 0.083
OGL-0949 12.92 0.9 12.64 0.084
OGL-1109 11.86 0.93 12.71 0.102
OGL-2937 16.16 1.35 12.45 0.089
OGL-0800 12.64 0.93 12.65 0.095
OGL-2337 13.14 1.09 12.63 0.082
OGL-2102 12.26 1.03 12.7 0.083
OGL-0174 15.86 1.26 12.52 0.082
OGL-0975 12.62 1.02 12.69 0.085
OGL-1954 12.95 1.08 12.74 0.083
OGL-0969 12.72 1.06 12.71 0.089
OGL-0708 10.41 0.9 12.85 0.085
OGL-0648 13.63 1.1 12.67 0.089
OGL-0812 12.2 1.02 12.68 0.085
OGL-1120 11.9 1.04 12.78 0.088
OGL-2979 17.8 1.3 12.44 0.089
OGL-1252 9.993 0.94 12.84 0.084
HV971 9.297 0.86 12.9 0.081
OGL-1616 15.55 1.24 12.53 0.086
OGL-0070 13.75 1.16 12.71 0.082
OGL-0770 10.85 0.97 12.88 0.089
OGL-1862 13.12 1.11 12.73 0.088
OGL-1391 11.09 1.03 12.86 0.082
OGL-0504 14.39 1.19 12.69 0.092
OGL-1237 10.35 0.93 12.87 0.084
OGL-0978 10.52 1.13 12.88 0.084
HV12816 9.108 0.74 13.09 0.081
OGL-1214 8.772 0.87 13.04 0.083
OGL-2133 11.26 1.02 12.91 0.083
OGL-0831 9.713 0.94 12.96 0.085
OGL-1431 10.26 0.98 12.93 0.087
OGL-2562 10.07 1.02 12.93 0.082
OGL-1490 8.17 0.83 13.12 0.084
HV2854 8.635 0.9 13.02 0.081
OGL-0963 8.713 0.92 13.06 0.083
OGL-1078 8.559 0.91 13.02 0.084
OGL-0798 10.71 1.02 12.91 0.084
OGL-0716 12.19 1.1 12.91 0.085
OGL-1140 8.186 0.79 13.12 0.084
OGL-2544 9.611 0.93 13.02 0.084
OGL-1233 8.21 0.83 13.11 0.082
OGL-1112 7.926 0.9 13.19 0.099
OGL-1115 9.672 0.98 12.95 0.084
OGL-1647 8.693 0.88 13.13 0.085
OGL-0107 8.739 0.93 13.07 0.081
OGL-0046 8.844 0.9 13.09 0.082
OGL-1417 8.673 0.95 13.1 0.087
HV2733 8.722 0.83 13.1 0.081
OGL-1884 7.771 0.79 13.14 0.083
OGL-0888 9.369 0.95 13.03 0.082
OGL-0846 9.051 1.02 13.08 0.084
OGL-1608 11.25 1.08 13.0 0.084
OGL-1260 9.305 1.01 13.04 0.085
OGL-1462 9.201 0.93 13.11 0.085
OGL-1994 7.754 0.75 13.2 0.082
OGL-2204 7.55 0.88 13.25 0.084
OGL-2286 9.216 0.88 13.08 0.085
OGL-1910 9.569 1.03 13.06 0.084
OGL-2884 9.733 1.12 13.04 0.087
OGL-2795 10.04 1.05 13.11 0.09
OGL-0776 6.894 0.8 13.31 0.084
OGL-2473 9.708 1.1 13.01 0.088
OGL-1262 9.134 1.05 13.09 0.084
OGL-2762 11.53 1.23 12.95 0.086
OGL-0499 8.831 0.92 13.24 0.091
HV12700 8.153 0.86 13.2 0.081
OGL-0884 7.707 0.81 13.19 0.082
OGL-2012 7.458 0.93 13.31 0.084
OGL-0936 8.334 0.95 13.18 0.085
OGL-1353 7.882 0.96 13.24 0.084
OGL-1249 6.878 0.89 13.31 0.083
OGL-1942 7.182 0.83 13.21 0.084
OGL-0825 7.845 0.96 13.27 0.082
OGL-1389 7.29 0.86 13.28 0.083
OGL-2775 7.963 1.01 13.24 0.088
OGL-1364 7.978 0.96 13.22 0.085
OGL-1463 7.528 0.95 13.28 0.084
OGL-2008 7.519 0.87 13.36 0.084
OGL-0915 7.396 0.94 13.22 0.083
OGL-2812 8.276 0.92 13.18 0.085
OGL-3201 6.298 0.82 13.34 0.082
OGL-2262 7.809 0.94 13.31 0.084
OGL-0757 8.402 1.08 13.37 0.083
OGL-1667 6.39 0.83 13.48 0.087
OGL-2744 7.521 1.01 13.28 0.085
OGL-1678 6.416 0.83 13.43 0.089
OGL-2099 6.894 0.81 13.37 0.084
OGL-2094 7.57 0.98 13.36 0.082
OGL-1748 6.632 0.82 13.36 0.086
OGL-0871 9.108 1.05 13.26 0.085
OGL-2401 5.064 0.49 13.66 0.084
OGL-1782 7.393 0.92 13.4 0.085
OGL-1526 6.735 0.92 13.45 0.085
OGL-1128 6.863 0.87 13.49 0.082
OGL-1442 7.68 1.03 13.28 0.085
OGL-2492 6.936 0.91 13.37 0.082
OGL-2127 7.413 0.97 13.41 0.084
OGL-1313 6.833 0.87 13.5 0.084
OGL-1094 7.01 0.93 13.36 0.089
OGL-2198 7.092 1.0 13.41 0.085
OGL-1411 7.906 0.98 13.38 0.085
OGL-2043 7.373 0.97 13.5 0.09
OGL-2018 7.171 0.99 13.45 0.083
OGL-1327 6.924 0.91 13.54 0.081
OGL-2249 5.976 0.89 13.53 0.09
OGL-2170 6.292 0.88 13.65 0.084
OGL-0594 6.733 0.94 13.48 0.087
OGL-1807 7.309 1.01 13.47 0.082
OGL-2225 7.024 0.93 13.55 0.087
OGL-0931 5.814 0.8 13.58 0.084
OGL-1956 8.802 0.99 13.29 0.089
OGL-1831 5.731 0.8 13.56 0.085
OGL-2194 5.487 0.82 13.52 0.083
OGL-1404 6.452 0.93 13.55 0.085
OGL-1636 6.482 0.87 13.59 0.085
OGL-3258 6.838 0.9 13.54 0.081
OGL-1572 5.507 0.76 13.65 0.089
OGL-0833 7.491 0.99 13.48 0.084
OGL-1903 6.697 0.89 13.55 0.09
OGL-1870 6.021 0.89 13.53 0.086
OGL-2145 6.227 1.01 13.56 0.085
OGL-2676 5.95 0.96 13.53 0.083
OGL-1200 6.677 1.0 13.58 0.086
OGL-1374 6.89 0.96 13.58 0.087
OGL-0843 8.362 1.17 13.41 0.084
OGL-0556 6.578 1.02 13.56 0.084
OGL-1920 6.62 0.95 13.53 0.086
OGL-1964 6.311 0.98 13.6 0.082
OGL-1354 5.429 0.8 13.74 0.092
OGL-1499 5.576 0.85 13.68 0.083
OGL-1802 6.013 0.96 13.63 0.088
OGL-1941 6.807 1.09 13.57 0.087
OGL-2765 9.355 1.42 13.3 0.087
OGL-1301 4.908 0.9 13.77 0.09
OGL-1426 5.685 0.93 13.68 0.089
OGL-1739 5.639 0.84 13.8 0.086
OGL-1888 5.407 0.89 13.67 0.087
OGL-2866 6.613 1.0 13.67 0.087
OGL-1599 5.669 0.93 13.7 0.09
OGL-2205 5.993 0.92 13.67 0.083
OGL-1939 6.055 0.94 13.67 0.087
OGL-1141 5.792 0.89 13.73 0.086
OGL-2308 5.737 0.91 13.74 0.088
OGL-1580 5.572 0.87 13.74 0.089
OGL-1986 5.046 0.71 13.8 0.085
OGL-1590 5.103 0.88 13.77 0.089
OGL-3320 4.785 0.78 13.87 0.082
OGL-1887 5.674 0.94 13.77 0.087
OGL-1614 4.797 0.7 13.88 0.086
OGL-1840 4.68 0.73 13.94 0.087
OGL-0482 7.466 1.18 13.52 0.086
OGL-2007 5.993 0.95 13.78 0.085
OGL-1785 5.505 0.9 13.81 0.083
OGL-1799 5.003 0.81 13.91 0.084
OGL-2805 6.588 0.99 13.61 0.085
OGL-1466 6.154 0.98 13.71 0.087
OGL-2100 5.848 0.93 13.76 0.085
OGL-1926 5.976 1.02 13.7 0.085
OGL-0576 5.072 0.81 13.83 0.083
OGL-1581 5.101 0.82 13.84 0.09
OGL-1579 5.583 0.82 13.75 0.091
OGL-2349 4.996 0.85 13.86 0.086
OGL-2615 5.579 0.96 13.76 0.086
OGL-1341 5.396 0.91 13.72 0.087
OGL-1756 5.739 1.05 13.74 0.086
OGL-2106 5.294 0.96 13.7 0.089
OGL-2694 6.134 1.05 13.73 0.084
OGL-2813 7.193 1.25 13.51 0.086
OGL-1842 5.492 0.92 13.8 0.086
OGL-3133 4.833 0.93 13.83 0.082
OGL-0647 5.027 0.89 13.88 0.088
OGL-1484 4.794 0.82 13.86 0.088
OGL-2229 4.875 0.84 13.9 0.086
OGL-2483 4.77 0.8 13.93 0.085
OGL-0919 4.866 0.85 13.96 0.085
OGL-2596 4.889 0.87 13.84 0.091
OGL-2598 5.346 0.92 13.92 0.091
OGL-1416 4.81 0.83 13.91 0.093
OGL-1808 5.063 0.93 13.87 0.088
OGL-1424 6.776 0.98 13.71 0.086
OGL-2454 4.657 0.8 14.0 0.099
OGL-1096 4.369 0.8 13.91 0.089
OGL-2550 4.868 0.92 13.95 0.088
OGL-1857 4.82 0.88 13.89 0.084
OGL-0633 5.33 0.95 13.89 0.087
OGL-2600 4.677 0.8 13.92 0.092
OGL-2648 5.053 0.94 13.92 0.086
OGL-3176 4.801 0.96 13.89 0.084
OGL-2265 4.628 0.81 13.95 0.087
OGL-1012 5.191 0.93 13.94 0.086
OGL-2608 4.976 0.8 13.88 0.096
OGL-2146 4.92 0.9 14.01 0.099
OGL-2572 4.412 0.72 14.07 0.085
OGL-2234 4.641 0.84 14.01 0.092
OGL-1308 5.149 1.0 13.9 0.088
OGL-2191 4.207 0.78 14.01 0.086
OGL-2864 6.27 1.16 13.73 0.083
OGL-2910 5.109 0.85 13.87 0.091
OGL-2668 4.82 0.89 13.99 0.089
OGL-1517 4.813 0.89 13.96 0.095
OGL-1793 5.626 1.04 13.77 0.087
OGL-2687 4.185 0.83 13.99 0.184
OGL-1904 4.071 0.79 14.02 0.089
OGL-0971 4.813 0.88 14.03 0.091
OGL-1945 7.685 1.36 13.61 0.084
OGL-1778 4.831 0.92 13.94 0.087
OGL-0882 4.789 0.92 14.01 0.094
OGL-1843 4.484 0.85 13.85 0.086
OGL-1560 4.205 0.81 14.1 0.096
OGL-2468 4.92 0.95 13.9 0.082
OGL-2551 4.427 0.82 14.06 0.088
OGL-1009 4.908 0.92 14.02 0.089
OGL-2543 4.088 0.82 14.06 0.087
OGL-2279 4.133 0.87 14.14 0.106
OGL-3143 4.728 0.92 13.98 0.084
OGL-1797 4.62 0.88 13.99 0.089
OGL-2314 4.655 0.87 13.97 0.091
OGL-2682 5.785 1.12 13.87 0.089
OGL-2153 4.146 0.76 14.14 0.094
OGL-3018 5.763 1.13 13.84 0.083
OGL-2250 4.834 0.96 13.96 0.086
OGL-2763 4.014 0.82 14.14 0.095
OGL-0759 4.993 0.93 14.03 0.087
OGL-0926 4.676 0.87 14.03 0.087
OGL-2256 4.638 0.89 14.0 0.088
OGL-1019 4.67 0.87 13.97 0.082
OGL-0886 4.381 0.84 14.06 0.086
OGL-2876 5.409 1.02 13.94 0.09
OGL-2226 4.657 0.92 13.97 0.09
OGL-1225 3.966 0.76 14.11 0.092
OGL-1609 4.735 0.87 14.04 0.093
OGL-2828 4.92 1.0 13.95 0.088
OGL-1914 5.007 1.0 14.03 0.085
OGL-1633 4.938 0.95 14.04 0.084
OGL-2350 4.606 0.99 13.98 0.097
OGL-2831 4.863 0.96 13.99 0.09
OGL-2638 4.65 0.92 13.96 0.088
OGL-1794 4.333 0.93 13.98 0.091
OGL-3195 4.958 0.98 13.99 0.089
OGL-1899 3.954 0.77 14.18 0.088
OGL-1396 4.287 0.88 13.99 0.092
OGL-1461 4.718 0.94 14.07 0.087
OGL-2419 5.346 1.07 13.96 0.09
OGL-1373 4.623 0.9 13.81 0.091
OGL-0553 4.692 0.91 14.01 0.089
OGL-1680 4.498 0.92 14.04 0.093
OGL-1110 4.934 0.88 13.99 0.084
OGL-2244 4.227 0.84 14.08 0.089
OGL-3050 4.796 1.06 13.98 0.088
OGL-2826 4.813 0.95 14.02 0.091
OGL-1631 4.123 0.83 14.09 0.093
OGL-2930 4.633 0.97 14.06 0.087
OGL-1377 4.435 0.89 13.98 0.087
OGL-2660 4.662 0.94 14.03 0.095
OGL-3109 4.594 0.92 14.06 0.088
OGL-1543 4.378 0.94 14.13 0.085
OGL-1617 4.08 0.81 14.17 0.085
OGL-2298 3.776 0.83 14.17 0.09
OGL-2568 4.852 1.01 13.96 0.089
OGL-1909 3.779 0.81 14.13 0.09
OGL-1124 4.457 0.95 14.12 0.104
OGL-2159 4.41 0.88 14.04 0.085
OGL-2060 4.282 0.89 14.15 0.096
OGL-2520 4.18 0.9 14.15 0.09
OGL-2683 5.355 1.08 13.97 0.092
OGL-1512 4.106 0.84 14.1 0.091
OGL-0697 4.58 0.9 14.13 0.088
OGL-2905 4.061 0.81 14.17 0.091
OGL-2101 3.557 0.8 14.19 0.091
OGL-1940 9.379 1.61 13.4 0.084
OGL-1948 3.986 0.76 14.14 0.091
OGL-3118 5.08 1.1 13.96 0.084
OGL-2184 4.166 0.88 14.17 0.088
OGL-2317 4.016 0.86 14.17 0.098
OGL-1780 3.819 0.82 14.23 0.095
OGL-2620 3.929 0.85 14.24 0.093
OGL-1702 2.883 0.5 14.48 0.102
OGL-1011 4.204 0.83 14.2 0.1
OGL-1791 3.661 0.81 14.22 0.09
OGL-1465 3.977 0.82 14.18 0.097
OGL-2021 4.158 0.9 14.2 0.087
OGL-3043 4.507 0.97 14.12 0.094
OGL-2663 4.234 0.93 14.11 0.086
OGL-1682 5.48 1.17 13.8 0.096
OGL-2407 4.517 0.92 14.06 0.086
OGL-1515 3.286 0.88 14.27 0.096
OGL-1938 4.077 0.85 14.24 0.101
OGL-2571 4.416 0.97 14.13 0.087
OGL-2721 4.487 0.95 14.1 0.089
OGL-2255 3.409 0.68 14.23 0.102
OGL-2757 5.745 1.2 13.93 0.089
OGL-1211 3.652 0.83 14.26 0.093
OGL-0702 4.944 0.98 14.05 0.095
OGL-1737 3.902 0.87 14.28 0.09
OGL-2655 4.394 0.95 13.96 0.089
OGL-1076 4.282 0.91 14.15 0.084
OGL-2354 4.292 0.9 14.14 0.098
OGL-2951 4.551 1.01 14.09 0.089
OGL-2369 4.237 0.92 13.93 0.094
OGL-1288 5.192 1.05 14.08 0.088
OGL-3202 5.14 1.23 13.97 0.087
OGL-0540 3.75 0.92 14.25 0.099
OGL-2281 3.769 0.79 14.29 0.093
OGL-1240 3.996 1.02 14.18 0.091
OGL-2405 6.532 1.22 13.85 0.083
OGL-2392 3.941 0.84 14.31 0.107
OGL-1365 3.918 0.83 14.26 0.094
OGL-2637 3.737 0.84 14.27 0.093
OGL-2874 4.117 0.93 14.18 0.088
OGL-2928 4.064 0.91 14.21 0.087
OGL-1185 5.392 1.17 13.98 0.086
OGL-2827 4.917 1.09 13.93 0.087
OGL-1668 3.886 0.81 14.26 0.092
OGL-1787 4.152 0.95 14.19 0.099
OGL-2747 4.852 1.15 14.04 0.087
OGL-2481 4.519 1.0 14.18 0.094
OGL-1773 3.567 0.82 14.33 0.091
OGL-2768 4.699 1.06 13.88 0.085
OGL-3185 4.425 1.1 14.03 0.084
OGL-1846 3.584 0.82 14.36 0.09
OGL-2646 4.044 0.93 14.23 0.089
OGL-1629 3.947 0.89 14.28 0.108
OGL-1044 3.993 0.86 14.17 0.089
OGL-2953 3.651 0.81 14.23 0.094
OGL-0580 3.775 0.83 14.3 0.092
OGL-2416 4.262 0.96 14.13 0.084
OGL-2585 3.644 0.74 14.35 0.115
OGL-1407 4.155 0.95 14.19 0.09
OGL-2512 4.005 0.91 14.24 0.094
HV12747 3.599 0.74 14.39 0.082
OGL-2785 4.166 0.99 14.19 0.087
OGL-2840 3.798 0.91 14.16 0.087
OGL-3080 3.934 0.94 14.22 0.092
OGL-2938 4.133 0.96 14.2 0.083
OGL-0625 3.75 0.84 14.31 0.098
OGL-1621 3.359 0.75 14.19 0.117
OGL-1559 3.647 0.78 14.36 0.098
OGL-1285 4.008 0.8 14.21 0.089
OGL-0866 3.45 0.84 14.36 0.104
OGL-1388 2.983 0.61 14.37 0.1
OGL-1767 2.814 0.52 14.54 0.106
OGL-1715 3.869 0.89 14.22 0.097
OGL-2517 3.661 0.86 14.33 0.087
OGL-0961 3.711 0.82 14.29 0.1
OGL-2289 3.713 0.87 14.28 0.09
OGL-1814 4.064 0.84 14.28 0.087
HV12226 3.706 0.82 14.22 0.095
OGL-3126 3.425 0.78 14.35 0.086
OGL-2347 4.155 0.98 14.23 0.09
OGL-1357 3.823 0.88 14.21 0.09
OGL-2273 3.381 0.82 14.31 0.089
OGL-1565 3.724 0.83 14.35 0.1
OGL-1573 3.497 0.82 14.33 0.093
OGL-3065 3.588 0.85 14.37 0.096
OGL-2031 3.166 0.78 14.42 0.095
OGL-1932 2.947 0.73 14.47 0.097
OGL-2659 4.299 1.02 14.22 0.101
OGL-1145 3.341 0.79 14.34 0.097
OGL-0613 4.35 0.94 14.18 0.092
OGL-1658 3.584 0.84 14.37 0.084
OGL-2714 5.132 1.25 13.96 0.084
OGL-1672 4.264 0.94 14.21 0.094
OGL-0498 3.63 0.91 14.34 0.099
OGL-2830 3.777 0.8 14.27 0.108
OGL-2870 3.953 0.9 14.26 0.098
OGL-1318 3.837 0.93 14.23 0.15
OGL-1878 3.606 0.78 14.41 0.091
OGL-2625 3.72 0.9 14.12 0.092
OGL-2941 3.718 0.95 14.25 0.09
OGL-1798 3.346 0.81 14.39 0.094
OGL-2510 3.21 0.76 14.46 0.093
OGL-1320 3.88 0.9 14.24 0.087
OGL-2808 3.644 0.95 14.28 0.093
OGL-1004 3.745 0.84 14.31 0.088
OGL-1430 3.486 0.83 14.29 0.094
OGL-1800 3.067 0.71 14.44 0.095
OGL-0938 3.509 0.83 14.35 0.093
OGL-1566 3.788 0.87 14.36 0.101
OGL-2894 4.794 1.17 14.1 0.084
OGL-1361 3.446 0.8 14.33 0.095
OGL-2825 4.104 1.07 14.27 0.09
OGL-1020 4.099 0.99 14.24 0.09
OGL-1445 4.045 0.96 14.28 0.087
OGL-2736 3.548 0.92 14.35 0.093
OGL-2725 5.62 1.38 13.96 0.092
OGL-2983 3.442 0.87 14.27 0.096
OGL-1749 3.712 0.9 14.3 0.096
OGL-2530 4.324 1.11 14.15 0.087
OGL-1253 3.487 0.85 14.36 0.091
OGL-2592 3.449 0.79 14.41 0.099
OGL-1324 3.616 0.89 14.34 0.094
OGL-0977 4.033 0.96 14.3 0.099
OGL-2052 3.709 0.91 14.35 0.092
OGL-1287 3.36 0.82 14.36 0.09
OGL-2097 4.011 0.9 14.36 0.099
OGL-1493 3.078 0.76 14.42 0.105
OGL-2335 4.801 1.07 14.08 0.087
OGL-1496 3.42 0.8 14.27 0.098
OGL-2664 3.644 0.94 14.23 0.094
OGL-1317 3.417 0.86 14.37 0.096
OGL-1330 3.368 0.86 14.4 0.093
OGL-0723 3.887 0.88 14.39 0.089
OGL-2888 3.435 0.87 14.39 0.098
OGL-2264 3.881 0.96 14.33 0.087
OGL-1397 3.447 0.86 14.39 0.085
OGL-1439 3.088 0.79 14.46 0.093
OGL-2742 3.846 1.05 14.32 0.091
OGL-0681 3.812 0.91 14.37 0.092
OGL-2202 3.496 0.89 14.42 0.088
OGL-1469 3.57 0.88 14.39 0.1
OGL-0632 3.719 0.87 14.39 0.093
OGL-0899 3.51 0.87 14.4 0.089
OGL-2445 3.555 0.92 14.37 0.091
OGL-2537 3.619 0.87 14.36 0.099
OGL-2595 3.341 0.87 14.38 0.116
OGL-1047 3.591 0.84 14.29 0.089
OGL-2498 3.646 0.91 14.2 0.099
OGL-2309 3.344 0.85 14.43 0.094
OGL-1528 3.791 0.89 14.3 0.134
OGL-2576 3.195 0.77 14.48 0.086
OGL-1401 3.242 0.82 14.46 0.084
OGL-1387 3.54 0.88 14.34 0.092
OGL-2395 3.311 0.79 14.45 0.09
OGL-2437 3.268 0.79 14.44 0.089
OGL-0908 3.393 0.82 14.47 0.102
OGL-1758 3.167 0.85 14.45 0.098
OGL-2807 3.884 1.05 14.28 0.091
OGL-0687 3.362 0.82 14.54 0.1
OGL-3039 3.62 0.91 14.34 0.092
OGL-2338 3.397 0.87 14.41 0.106
OGL-1556 3.419 0.85 14.47 0.092
OGL-0729 3.265 0.86 14.43 0.093
OGL-1921 2.868 0.86 14.55 0.091
OGL-1849 3.41 0.86 14.42 0.102
OGL-2926 3.684 0.96 14.31 0.098
OGL-0631 3.588 0.85 14.45 0.102
OGL-1588 4.51 1.07 14.15 0.091
OGL-2731 3.223 0.78 14.46 0.104
OGL-0595 3.881 0.98 14.41 0.092
OGL-1223 2.997 0.78 14.56 0.091
OGL-3014 3.489 0.93 14.41 0.1
OGL-1413 3.028 0.82 14.55 0.098
OGL-2327 3.096 0.74 14.52 0.098
OGL-2689 4.558 1.18 14.27 0.089
OGL-1558 2.96 0.75 14.51 0.104
OGL-1650 3.256 0.8 14.52 0.094
OGL-3204 3.258 0.83 14.46 0.084
OGL-2950 3.334 0.89 14.31 0.103
OGL-3222 3.496 0.89 14.46 0.093
OGL-2214 3.597 0.89 14.35 0.094
OGL-3098 3.537 0.91 14.37 0.089
OGL-2228 3.448 0.93 14.42 0.09
OGL-2873 3.247 0.81 14.56 0.104
OGL-2526 3.514 0.9 14.46 0.092
OGL-1188 3.129 0.8 14.51 0.092
OGL-2846 3.584 0.99 14.42 0.091
OGL-1093 3.587 0.92 14.34 0.093
OGL-3008 4.179 1.11 14.27 0.087
OGL-0628 3.51 0.82 14.46 0.101
OGL-1488 2.98 0.8 14.57 0.102
OGL-2472 2.84 0.76 14.62 0.114
OGL-0539 3.455 0.85 14.43 0.106
OGL-2856 3.551 0.89 14.4 0.096
OGL-2650 3.27 0.92 14.46 0.095
OGL-1502 3.34 0.84 14.49 0.098
OGL-2459 2.983 0.76 14.59 0.099
OGL-2784 3.224 0.92 14.42 0.094
OGL-1728 3.268 0.86 14.42 0.094
OGL-1257 3.198 0.89 14.47 0.097
OGL-1947 3.374 0.87 14.55 0.092
OGL-1724 2.989 0.77 14.54 0.093
OGL-2528 3.648 1.04 14.35 0.098
OGL-3036 3.61 1.01 14.38 0.091
HV5541 2.682 0.72 14.7 0.087
OGL-2433 3.117 0.87 14.53 0.093
OGL-2699 3.627 1.08 14.37 0.092
OGL-1674 3.372 0.88 14.46 0.085
OGL-2302 2.87 0.78 14.57 0.083
OGL-3096 3.55 0.87 14.44 0.095
OGL-0778 3.09 0.84 14.6 0.108
OGL-0858 3.211 0.84 14.37 0.108
OGL-1721 3.118 0.82 14.51 0.094
OGL-2215 3.241 0.86 14.52 0.094
OGL-2629 3.155 0.85 14.55 0.091
OGL-3116 3.478 0.95 14.46 0.091
OGL-1603 3.532 0.81 14.55 0.105
OGL-2178 2.71 0.76 14.64 0.102
OGL-2918 3.534 0.97 14.49 0.09
OGL-2560 3.318 0.87 14.5 0.092
OGL-1652 2.987 0.85 14.57 0.091
OGL-2703 3.528 0.98 14.39 0.092
OGL-2889 3.838 1.02 14.35 0.093
OGL-0543 3.163 0.84 14.51 0.102
OGL-2956 3.478 1.0 14.47 0.086
OGL-1332 3.338 0.89 14.49 0.1
OGL-1338 3.177 0.87 14.38 0.125
OGL-2623 3.592 1.08 14.36 0.095
OGL-2743 3.575 0.99 14.38 0.091
OGL-3074 3.489 0.95 14.32 0.094
OGL-1071 3.381 0.91 14.45 0.09
OGL-2753 3.444 1.0 14.41 0.093
OGL-2295 2.912 0.75 14.58 0.087
OGL-1826 3.349 0.85 14.51 0.096
OGL-1415 3.196 0.86 14.47 0.094
OGL-1848 3.321 0.89 14.49 0.093
OGL-1865 3.253 0.92 14.58 0.092
OGL-2885 4.189 1.11 14.29 0.085
OGL-2589 2.882 0.8 14.65 0.12
OGL-3242 3.388 0.85 14.53 0.109
OGL-1498 3.289 0.9 14.47 0.109
OGL-1356 3.183 0.89 14.49 0.093
OGL-2943 3.126 0.88 14.57 0.104
OGL-1768 3.28 0.85 14.35 0.102
OGL-0860 3.072 0.8 14.53 0.1
OGL-3151 3.399 0.97 14.51 0.093
OGL-2633 3.146 0.89 14.57 0.097
OGL-0544 3.373 0.92 14.55 0.097
OGL-3134 3.098 0.95 14.53 0.112
OGL-1656 3.193 0.96 14.55 0.096
OGL-1873 3.079 0.87 14.63 0.091
OGL-1746 3.249 0.88 14.46 0.094
OGL-1165 3.075 0.86 14.57 0.092
OGL-2729 3.199 0.97 14.52 0.09
OGL-3159 3.095 0.84 14.61 0.098
OGL-2563 3.109 0.88 14.52 0.086
HV12225 3.007 0.85 14.68 0.082
OGL-2900 3.103 0.87 14.46 0.099
OGL-1796 2.669 0.66 14.61 0.088
OGL-0693 3.788 0.99 14.39 0.089
OGL-0709 3.148 0.89 14.54 0.1
OGL-1468 3.607 1.0 14.46 0.104
OGL-3169 3.176 0.89 14.53 0.093
OGL-1786 2.912 0.79 14.67 0.089
OGL-1830 3.025 0.85 14.57 0.099
OGL-1232 3.257 0.96 14.54 0.088
OGL-3141 3.018 0.86 14.59 0.1
OGL-0652 2.694 0.79 14.68 0.121
OGL-1762 3.07 0.79 14.63 0.094
OGL-1514 3.046 0.83 14.48 0.092
OGL-2777 3.219 0.96 14.53 0.093
OGL-0597 2.945 0.88 14.58 0.092
OGL-1824 2.997 0.85 14.64 0.089
OGL-2848 3.278 0.92 14.58 0.101
OGL-0752 3.081 0.83 14.63 0.103
OGL-1436 2.818 0.8 14.66 0.104
OGL-0761 2.575 0.69 14.7 0.109
OGL-1707 2.579 0.77 14.73 0.087
OGL-2288 2.971 0.83 14.64 0.098
OGL-1584 3.299 0.91 14.47 0.109
OGL-2657 3.173 0.9 14.59 0.102
OGL-3052 3.029 0.87 14.58 0.093
OGL-2680 3.367 0.99 14.41 0.099
OGL-0478 2.764 0.8 14.71 0.108
OGL-2711 3.539 0.79 14.46 0.103
OGL-2313 3.285 1.03 14.43 0.111
OGL-2609 2.928 0.83 14.82 0.11
OGL-3186 3.211 0.98 14.57 0.096
OGL-3197 2.924 0.9 14.62 0.097
OGL-3059 2.987 0.9 14.56 0.108
OGL-0514 3.504 0.91 14.52 0.097
OGL-3129 3.038 0.88 14.65 0.095
OGL-1732 3.092 0.93 14.58 0.102
OGL-0487 3.109 0.84 14.67 0.09
OGL-0823 2.993 0.86 14.61 0.097
OGL-3077 2.974 0.86 14.61 0.09
OGL-2361 3.472 0.98 14.49 0.103
OGL-3191 3.213 0.97 14.59 0.09
OGL-1644 2.714 0.76 14.59 0.123
OGL-1813 2.787 0.88 14.65 0.089
OGL-1051 3.099 0.89 14.55 0.092
OGL-3227 2.874 0.83 14.57 0.099
OGL-1735 3.0 0.85 14.68 0.089
OGL-2180 2.588 0.77 14.72 0.094
OGL-1604 2.62 0.81 14.63 0.101
OGL-1476 3.025 0.87 14.58 0.098
OGL-2122 2.574 0.72 14.63 0.095
OGL-0610 2.888 0.81 14.74 0.102
OGL-0526 2.81 0.73 14.69 0.106
OGL-2837 3.541 1.09 14.34 0.101
OGL-3153 3.027 0.9 14.64 0.098
OGL-2862 3.046 0.86 14.63 0.097
OGL-2942 2.924 0.9 14.58 0.099
OGL-1292 2.916 0.86 14.66 0.094
OGL-1795 2.751 0.79 14.69 0.091
OGL-2547 4.303 1.37 14.27 0.087
OGL-2553 2.917 0.88 14.62 0.104
OGL-2829 2.871 0.9 14.63 0.086
OGL-1418 2.896 0.84 14.69 0.103
OGL-1552 3.766 1.06 14.44 0.104
OGL-1819 2.694 0.78 14.77 0.09
OGL-0779 2.561 0.84 14.81 0.099
OGL-1697 3.016 0.81 14.5 0.112
OGL-1907 2.939 0.9 14.7 0.093
OGL-1070 2.789 0.81 14.67 0.099
OGL-1146 2.714 0.82 14.7 0.104
OGL-2479 2.943 0.88 14.72 0.105
OGL-0662 2.958 0.85 14.68 0.112
OGL-3083 3.059 0.93 14.64 0.103
OGL-0957 2.808 0.85 14.71 0.087
OGL-2362 2.731 0.8 14.71 0.095
OGL-2710 3.097 0.92 14.61 0.089
OGL-2573 2.705 0.77 14.7 0.089
OGL-3213 2.654 0.91 14.72 0.095
OGL-2113 4.613 1.4 14.29 0.091
OGL-3200 2.91 0.85 14.68 0.093
OGL-1276 2.779 0.79 14.6 0.096
OGL-1764 2.973 0.84 14.72 0.098
OGL-1246 3.034 0.95 14.64 0.091
OGL-1709 2.883 0.87 14.68 0.089
OGL-0863 3.276 0.95 14.58 0.099
OGL-1497 2.787 0.83 14.67 0.098
OGL-1139 2.774 0.83 14.75 0.095
OGL-3165 2.665 0.92 14.65 0.091
OGL-2993 3.215 1.08 14.63 0.098
OGL-2453 2.618 0.72 14.71 0.094
OGL-1688 3.092 0.93 14.53 0.101
OGL-3181 2.812 0.91 14.79 0.101
OGL-1478 2.904 0.86 14.71 0.099
OGL-1753 2.575 0.82 14.67 0.099
OGL-0488 3.647 1.13 14.57 0.092
OGL-1544 3.482 1.02 14.54 0.102
OGL-2312 2.732 0.84 14.75 0.105
OGL-1545 2.98 0.89 14.69 0.091
OGL-2865 2.682 0.87 14.79 0.094
OGL-1676 2.643 0.85 14.8 0.095
OGL-2954 2.781 0.99 14.64 0.097
OGL-0744 2.688 0.8 14.77 0.105
OGL-2014 2.707 0.84 14.73 0.089
OGL-2574 2.728 0.83 14.74 0.096
OGL-3082 2.856 0.93 14.71 0.097
OGL-1686 3.383 1.05 14.55 0.092
OGL-2628 2.589 0.84 14.81 0.095
OGL-1776 2.581 0.83 14.77 0.108
OGL-2878 3.206 0.96 14.62 0.096
OGL-1743 2.879 0.86 14.75 0.097
OGL-2907 3.026 0.97 14.67 0.11
OGL-2738 2.661 0.83 14.74 0.093
OGL-2490 4.225 1.48 14.37 0.095
OGL-2794 2.702 0.88 14.8 0.099
OGL-3183 2.799 0.9 14.75 0.096
OGL-2280 2.524 0.82 14.86 0.12
OGL-1568 2.65 0.87 14.79 0.12
OGL-1135 2.757 0.9 14.72 0.102
OGL-1755 2.719 0.85 14.81 0.095
OGL-1074 2.71 0.85 14.71 0.097
OGL-2890 2.637 0.86 14.73 0.108
OGL-3171 2.707 0.87 14.76 0.095
OGL-2624 2.631 0.85 14.93 0.106
OGL-2958 3.086 1.04 14.57 0.106
OGL-1302 2.908 0.84 14.76 0.09
OGL-1570 2.728 0.85 14.8 0.123
OGL-1503 3.366 1.05 14.59 0.097
OGL-1322 2.553 0.85 14.74 0.112
OGL-1827 2.538 0.86 14.76 0.101
OGL-1781 2.656 0.83 14.66 0.099
OGL-2702 3.071 1.01 14.64 0.095
OGL-3206 2.504 0.78 14.86 0.088
OGL-2791 3.384 1.1 14.63 0.086
OGL-0646 3.429 1.11 14.5 0.095
OGL-2772 2.949 0.89 14.63 0.093
OGL-1729 3.011 0.98 14.68 0.116
OGL-3125 3.17 1.14 14.72 0.102
OGL-0518 3.249 1.0 14.63 0.091
OGL-2933 2.739 0.94 14.69 0.11
OGL-1684 2.852 0.97 14.71 0.098
OGL-2925 2.511 0.94 14.78 0.11
OGL-0537 3.048 0.96 14.72 0.128
OGL-1520 3.566 0.35 14.1 0.123
OGL-2841 5.557 1.83 14.14 0.091
OGL-2674 2.831 0.97 14.75 0.093
OGL-3031 2.674 0.96 14.74 0.1
OGL-2781 2.997 1.11 14.72 0.106
OGL-2376 5.262 1.6 14.26 0.087
OGL-2774 3.813 1.28 14.55 0.094
OGL-1470 2.887 1.0 14.78 0.111
OGL-2811 3.167 1.27 14.65 0.117
OGL-0715 2.884 1.01 14.8 0.108
OGL-3069 2.514 0.93 14.88 0.098
OGL-2538 2.875 0.93 14.76 0.092
OGL-3022 2.614 0.99 14.91 0.091
OGL-1144 3.655 1.19 14.62 0.09
OGL-3032 2.719 1.07 14.77 0.108
OGL-0529 2.856 0.96 14.81 0.116
OGL-1692 2.934 1.04 14.79 0.1
OGL-3009 2.675 1.01 14.94 0.115
OGL-0904 2.635 0.84 14.92 0.095
OGL-2601 2.831 1.14 14.74 0.111
OGL-1567 2.939 1.0 14.82 0.114
OGL-2708 4.108 1.48 14.56 0.095
OGL-2766 3.723 1.48 14.57 0.091
OGL-2783 3.637 1.45 14.54 0.1
OGL-2839 2.792 1.13 14.85 0.097
OGL-0721 2.927 1.1 14.83 0.105
OGL-1169 2.845 1.18 14.82 0.095
OGL-2745 3.908 1.5 14.49 0.095
OGL-0853 3.027 1.18 14.78 0.101
OGL-2764 2.925 1.45 14.7 0.091
OGL-2931 3.405 1.47 14.76 0.101
OGL-1736 2.858 1.35 14.87 0.099
OGL-2564 2.908 1.22 14.96 0.101
