HV12717 8.84285 13.051 0.017 14.69 13.91
HV12452 8.73611 13.025 0.015 14.77 13.95
HV12225 3.00736 14.639 0.016 16.16 15.42
HV5541 2.68225 14.668 0.035 15.97 15.35
HV12747 3.59917 14.357 0.018 15.77 15.13
HV12765 3.42924 13.914 0.012 15.29 14.67
HV2405 6.92374 13.496 0.013 15.16 14.37
HV971 9.29696 12.857 0.014 14.48 13.73
HV12816 9.10768 13.059 0.01 14.49 13.85
HV2733 8.72158 13.053 0.009 14.68 13.96
HV2854 8.63489 12.979 0.01 14.65 13.87
HV6065 6.83803 13.496 0.01 15.2 14.4
HV12700 8.15255 13.151 0.009 14.86 14.11
HV6093 4.78477 13.83 0.016 15.33 14.65
