M31 M31_ceph 7.362 1.17 19.28 0.147 8.9
M31 M31_ceph 6.495 0.68 19.58 0.147 8.9
M31 M31_ceph 7.694 0.9 18.98 0.147 8.9
M31 M31_ceph 10.81 1.03 18.64 0.147 8.9
M31 M31_ceph 8.017 0.86 18.94 0.147 8.9
M31 M31_ceph 15.75 1.51 18.3 0.147 8.9
M31 M31_ceph 3.978 1.04 20.16 0.147 8.9
M31 M31_ceph 6.028 1.14 19.68 0.147 8.9
M31 M31_ceph 8.476 1.17 19.01 0.147 8.9
M31 M31_ceph 13.77 1.48 18.63 0.147 8.9
M31 M31_ceph 8.835 1.23 18.97 0.147 8.9
M31 M31_ceph 4.577 1.09 19.94 0.147 8.9
M31 M31_ceph 6.71 1.44 19.48 0.147 8.9
M31 M31_ceph 10.5 1.19 18.78 0.147 8.9
M31 M31_ceph 4.632 1.18 20.02 0.147 8.9
M31 M31_ceph 7.019 1.18 19.5 0.147 8.9
M31 M31_ceph 15.91 1.34 18.26 0.147 8.9
M31 M31_ceph 28.91 1.89 17.77 0.147 8.9
M31 M31_ceph 9.947 1.29 18.95 0.147 8.9
M31 M31_ceph 14.61 1.55 18.41 0.147 8.9
M31 M31_ceph 10.04 1.76 19.26 0.147 8.9
M31 M31_ceph 14.4 1.67 18.44 0.147 8.9
M31 M31_ceph 7.465 1.04 19.18 0.147 8.9
M31 M31_ceph 5.093 1.38 19.71 0.147 8.9
M31 M31_ceph 8.42 1.32 19.31 0.147 8.9
M31 M31_ceph 9.165 1.13 18.98 0.147 8.9
M31 M31_ceph 13.57 2.03 18.49 0.147 8.9
M31 M31_ceph 6.898 0.89 19.51 0.147 8.9
M31 M31_ceph 13.18 1.17 18.85 0.147 8.9
M31 M31_ceph 13.26 1.64 18.72 0.147 8.9
M31 M31_ceph 17.65 0.73 17.78 0.147 8.9
M31 M31_ceph 9.689 2.13 19.05 0.147 8.9
M31 M31_ceph 20.1 1.3 17.79 0.147 8.9
M31 M31_ceph 18.59 1.66 18.07 0.147 8.9
M31 M31_ceph 15.48 1.86 18.64 0.147 8.9
M31 M31_ceph 12.5 0.98 18.58 0.147 8.9
M31 M31_ceph 9.813 1.39 18.83 0.147 8.9
M31 M31_ceph 10.73 1.71 18.87 0.147 8.9
M31 M31_ceph 8.829 1.05 18.89 0.147 8.9
M31 M31_ceph 5.338 1.17 19.94 0.147 8.9
M31 M31_ceph 9.134 0.94 18.91 0.147 8.9
M31 M31_ceph 4.76 1.0 19.82 0.147 8.9
M31 M31_ceph 16.73 1.42 18.59 0.147 8.9
M31 M31_ceph 17.71 1.33 18.06 0.147 8.9
M31 M31_ceph 8.806 1.21 19.09 0.147 8.9
M31 M31_ceph 11.64 1.18 18.93 0.147 8.9
M31 M31_ceph 17.85 1.31 18.49 0.147 8.9
M31 M31_ceph 5.651 0.93 19.62 0.147 8.9
M31 M31_ceph 27.98 1.63 17.72 0.147 8.9
M31 M31_ceph 8.261 1.06 19.01 0.147 8.9
M31 M31_ceph 22.24 0.99 17.87 0.147 8.9
M31 M31_ceph 8.33 1.48 19.27 0.147 8.9
M31 M31_ceph 7.036 0.81 19.28 0.147 8.9
M31 M31_ceph 22.19 1.04 17.82 0.147 8.9
M31 M31_ceph 21.88 1.61 18.02 0.147 8.9
M31 M31_ceph 10.1 0.73 18.78 0.147 8.9
M31 M31_ceph 13.56 1.47 18.56 0.147 8.9
M31 M31_ceph 19.57 1.56 18.03 0.147 8.9
M31 M31_ceph 21.69 1.5 17.99 0.147 8.9
M31 M31_ceph 9.293 0.85 18.84 0.147 8.9
M31 M31_ceph 17.59 1.94 18.25 0.147 8.9
M31 M31_ceph 8.945 1.44 19.09 0.147 8.9
M31 M31_ceph 13.35 1.65 18.82 0.147 8.9
M31 M31_ceph 9.393 1.2 18.86 0.147 8.9
M31 M31_ceph 9.362 1.26 19.23 0.147 8.9
M31 M31_ceph 13.35 1.04 18.61 0.147 8.9
M31 M31_ceph 12.31 0.63 18.46 0.147 8.9
M31 M31_ceph 14.91 1.73 18.74 0.147 8.9
M31 M31_ceph 16.15 1.21 18.17 0.147 8.9
M31 M31_ceph 11.18 1.35 18.77 0.147 8.9
M31 M31_ceph 16.07 1.54 18.34 0.147 8.9
M31 M31_ceph 23.11 1.16 17.87 0.147 8.9
M31 M31_ceph 9.174 1.31 19.05 0.147 8.9
M31 M31_ceph 10.63 1.42 19.09 0.147 8.9
M31 M31_ceph 6.267 1.7 19.62 0.147 8.9
M31 M31_ceph 5.522 1.11 19.93 0.147 8.9
M31 M31_ceph 11.31 1.31 18.87 0.147 8.9
M31 M31_ceph 8.112 0.81 19.12 0.147 8.9
M31 M31_ceph 5.505 1.36 19.81 0.147 8.9
M31 M31_ceph 8.29 1.13 19.16 0.147 8.9
M31 M31_ceph 31.71 1.47 17.76 0.147 8.9
M31 M31_ceph 16.71 1.74 18.18 0.147 8.9
M31 M31_ceph 4.567 0.72 19.85 0.147 8.9
M31 M31_ceph 41.29 2.22 17.23 0.147 8.9
M31 M31_ceph 13.65 1.51 18.66 0.147 8.9
M31 M31_ceph 8.249 0.71 19.11 0.147 8.9
M31 M31_ceph 13.15 1.39 18.63 0.147 8.9
M31 M31_ceph 10.3 1.17 18.97 0.147 8.9
M31 M31_ceph 12.85 0.74 18.5 0.147 8.9
M31 M31_ceph 4.582 1.05 19.84 0.147 8.9
M31 M31_ceph 14.69 1.25 18.39 0.147 8.9
M31 M31_ceph 36.11 1.51 17.18 0.147 8.9
M31 M31_ceph 5.459 1.26 19.78 0.147 8.9
M31 M31_ceph 7.866 1.0 19.03 0.147 8.9
M31 M31_ceph 5.927 1.57 19.91 0.147 8.9
M31 M31_ceph 9.431 1.09 18.88 0.147 8.9
M31 M31_ceph 12.9 0.79 18.34 0.147 8.9
M31 M31_ceph 5.978 0.89 19.51 0.147 8.9
M31 M31_ceph 4.01 0.98 20.13 0.147 8.9
M31 M31_ceph 8.178 0.84 19.04 0.147 8.9
M31 M31_ceph 5.137 1.06 19.67 0.147 8.9
M31 M31_ceph 5.849 0.91 19.54 0.147 8.9
M31 M31_ceph 6.257 0.94 19.56 0.147 8.9
M31 M31_ceph 3.398 1.2 20.39 0.147 8.9
M31 M31_ceph 7.487 1.09 19.24 0.147 8.9
M31 M31_ceph 7.769 0.99 19.29 0.147 8.9
M31 M31_ceph 6.328 1.17 19.58 0.147 8.9
M31 M31_ceph 9.509 1.49 19.11 0.147 8.9
M31 M31_ceph 12.35 1.62 18.46 0.147 8.9
M31 M31_ceph 5.152 1.72 20.1 0.147 8.9
M31 M31_ceph 12.77 0.63 18.62 0.147 8.9
M31 M31_ceph 4.655 0.78 20.17 0.147 8.9
M31 M31_ceph 19.78 2.04 18.54 0.147 8.9
M31 M31_ceph 13.56 1.06 18.35 0.147 8.9
M31 M31_ceph 8.71 0.96 19.04 0.147 8.9
M31 M31_ceph 7.307 1.54 19.41 0.147 8.9
M31 M31_ceph 6.785 0.93 19.19 0.147 8.9
M31 M31_ceph 5.59 1.18 19.79 0.147 8.9
M31 M31_ceph 13.84 1.55 18.76 0.147 8.9
M31 M31_ceph 8.506 1.5 19.25 0.147 8.9
M31 M31_ceph 17.42 1.49 18.15 0.147 8.9
M31 M31_ceph 14.66 1.82 18.52 0.147 8.9
M31 M31_ceph 12.53 1.66 18.65 0.147 8.9
M31 M31_ceph 4.671 0.75 19.88 0.147 8.9
M31 M31_ceph 25.58 2.05 17.89 0.147 8.9
M31 M31_ceph 21.2 1.74 18.02 0.147 8.9
M31 M31_ceph 14.13 0.84 18.23 0.147 8.9
M31 M31_ceph 7.107 1.24 19.3 0.147 8.9
M31 M31_ceph 6.772 1.78 19.81 0.147 8.9
M31 M31_ceph 4.133 0.71 20.11 0.147 8.9
M31 M31_ceph 15.51 1.97 18.47 0.147 8.9
M31 M31_ceph 6.82 1.07 19.61 0.147 8.9
M31 M31_ceph 9.372 1.07 19.03 0.147 8.9
M31 M31_ceph 18.7 1.82 18.4 0.147 8.9
M31 M31_ceph 27.49 1.76 17.91 0.147 8.9
M31 M31_ceph 5.84 1.35 19.69 0.147 8.9
M31 M31_ceph 4.959 1.16 19.78 0.147 8.9
M31 M31_ceph 16.21 1.59 18.42 0.147 8.9
M31 M31_ceph 11.14 0.83 18.69 0.147 8.9
M31 M31_ceph 21.89 1.91 18.15 0.147 8.9
M31 M31_ceph 5.909 0.75 19.34 0.147 8.9
M31 M31_ceph 6.217 1.01 19.4 0.147 8.9
M31 M31_ceph 28.84 1.52 17.42 0.147 8.9
M31 M31_ceph 6.976 1.35 19.45 0.147 8.9
M31 M31_ceph 5.751 0.91 19.83 0.147 8.9
M31 M31_ceph 11.58 1.19 18.7 0.147 8.9
M31 M31_ceph 4.303 1.29 19.87 0.147 8.9
M31 M31_ceph 7.437 0.85 19.3 0.147 8.9
M31 M31_ceph 4.366 1.12 20.09 0.147 8.9
M31 M31_ceph 6.85 0.85 19.49 0.147 8.9
M31 M31_ceph 7.018 0.78 19.3 0.147 8.9
M31 M31_ceph 7.078 0.88 19.26 0.147 8.9
M31 M31_ceph 5.393 1.22 19.62 0.147 8.9
M31 M31_ceph 14.59 1.75 18.58 0.147 8.9
M31 M31_ceph 3.325 0.57 20.54 0.147 8.9
M31 M31_ceph 20.17 1.44 18.03 0.147 8.9
M31 M31_ceph 7.474 1.17 19.37 0.147 8.9
M31 M31_ceph 6.92 0.79 19.21 0.147 8.9
M31 M31_ceph 3.064 0.88 20.58 0.147 8.9
M31 M31_ceph 4.976 1.02 19.75 0.147 8.9
M31 M31_ceph 5.853 1.21 19.6 0.147 8.9
M31 M31_ceph 10.05 0.81 18.79 0.147 8.9
M31 M31_ceph 26.5 1.51 17.65 0.147 8.9
M31 M31_ceph 21.31 1.25 18.24 0.147 8.9
M31 M31_ceph 18.98 1.27 18.27 0.147 8.9
M31 M31_ceph 8.714 1.21 19.08 0.147 8.9
M31 M31_ceph 6.44 1.06 19.31 0.147 8.9
M31 M31_ceph 48.47 2.45 17.46 0.147 8.9
M31 M31_ceph 5.181 0.95 19.99 0.147 8.9
M31 M31_ceph 6.121 1.71 19.89 0.147 8.9
M31 M31_ceph 3.189 1.12 20.54 0.147 8.9
M31 M31_ceph 4.22 0.92 20.29 0.147 8.9
M31 M31_ceph 7.037 1.06 19.5 0.147 8.9
M31 M31_ceph 4.554 1.05 19.9 0.147 8.9
M31 M31_ceph 6.234 0.77 19.49 0.147 8.9
M31 M31_ceph 35.75 1.76 17.31 0.147 8.9
M31 M31_ceph 12.75 0.71 18.52 0.147 8.9
M31 M31_ceph 6.824 0.79 19.6 0.147 8.9
M31 M31_ceph 12.55 1.9 18.97 0.147 8.9
M31 M31_ceph 5.443 1.18 19.72 0.147 8.9
M31 M31_ceph 9.61 1.64 19.12 0.147 8.9
M31 M31_ceph 14.12 1.04 18.41 0.147 8.9
M31 M31_ceph 3.672 0.58 20.11 0.147 8.9
M31 M31_ceph 22.1 1.31 18.03 0.147 8.9
M31 M31_ceph 11.14 1.5 18.76 0.147 8.9
M31 M31_ceph 3.958 1.06 20.11 0.147 8.9
M31 M31_ceph 7.784 1.14 19.19 0.147 8.9
M31 M31_ceph 8.885 1.85 19.21 0.147 8.9
M31 M31_ceph 4.095 1.01 20.23 0.147 8.9
M31 M31_ceph 6.413 1.34 19.7 0.147 8.9
M31 M31_ceph 6.18 1.44 19.91 0.147 8.9
M31 M31_ceph 3.748 1.23 20.49 0.147 8.9
M31 M31_ceph 13.03 1.44 18.51 0.147 8.9
M31 M31_ceph 6.758 1.28 19.27 0.147 8.9
M31 M31_ceph 5.971 0.97 19.6 0.147 8.9
M31 M31_ceph 4.37 0.99 20.04 0.147 8.9
M31 M31_ceph 16.46 1.45 18.37 0.147 8.9
M31 M31_ceph 5.106 0.9 19.4 0.147 8.9
M31 M31_ceph 4.282 1.22 20.2 0.147 8.9
M31 M31_ceph 4.448 0.72 20.08 0.147 8.9
M31 M31_ceph 5.348 1.13 19.86 0.147 8.9
M31 M31_ceph 10.37 1.37 19.05 0.147 8.9
M31 M31_ceph 36.79 2.24 17.39 0.147 8.9
M31 M31_ceph 5.299 0.9 19.67 0.147 8.9
M31 M31_ceph 8.894 1.01 19.23 0.147 8.9
M31 M31_ceph 20.23 1.13 18.01 0.147 8.9
M31 M31_ceph 9.477 0.85 18.98 0.147 8.9
M31 M31_ceph 16.58 1.58 18.47 0.147 8.9
M31 M31_ceph 6.129 1.33 19.8 0.147 8.9
M31 M31_ceph 6.878 1.36 19.6 0.147 8.9
M31 M31_ceph 10.47 1.44 18.8 0.147 8.9
M31 M31_ceph 8.62 1.18 19.26 0.147 8.9
M31 M31_ceph 8.505 0.87 19.08 0.147 8.9
M31 M31_ceph 18.78 1.96 18.31 0.147 8.9
M31 M31_ceph 8.402 1.25 19.25 0.147 8.9
M31 M31_ceph 6.654 1.31 19.46 0.147 8.9
M31 M31_ceph 9.045 1.14 19.03 0.147 8.9
M31 M31_ceph 5.762 1.5 19.8 0.147 8.9
M31 M31_ceph 28.72 1.63 17.82 0.147 8.9
M31 M31_ceph 6.361 0.79 19.43 0.147 8.9
M31 M31_ceph 5.199 1.05 19.73 0.147 8.9
M31 M31_ceph 6.259 1.05 19.59 0.147 8.9
M31 M31_ceph 5.347 0.91 19.88 0.147 8.9
M31 M31_ceph 10.58 1.73 19.21 0.147 8.9
M31 M31_ceph 4.847 1.51 19.92 0.147 8.9
M31 M31_ceph 13.76 0.98 18.53 0.147 8.9
M31 M31_ceph 15.58 1.03 18.24 0.147 8.9
M31 M31_ceph 8.833 1.17 19.11 0.147 8.9
M31 M31_ceph 3.238 0.84 20.42 0.147 8.9
M31 M31_ceph 15.42 1.52 18.31 0.147 8.9
M31 M31_ceph 5.677 1.03 19.71 0.147 8.9
M31 M31_ceph 5.614 0.75 19.77 0.147 8.9
M31 M31_ceph 6.218 1.28 19.66 0.147 8.9
M31 M31_ceph 4.098 1.19 20.21 0.147 8.9
M31 M31_ceph 4.155 1.15 20.21 0.147 8.9
M31 M31_ceph 10.96 1.86 19.09 0.147 8.9
M31 M31_ceph 3.232 0.71 20.41 0.147 8.9
M31 M31_ceph 11.17 1.21 18.75 0.147 8.9
M31 M31_ceph 11.64 1.5 18.78 0.147 8.9
M31 M31_ceph 3.483 1.2 20.55 0.147 8.9
M31 M31_ceph 4.582 0.82 19.82 0.147 8.9
M31 M31_ceph 6.806 1.38 19.71 0.147 8.9
M31 M31_ceph 5.289 1.33 19.63 0.147 8.9
M31 M31_ceph 6.597 0.92 19.43 0.147 8.9
M31 M31_ceph 5.502 0.8 19.77 0.147 8.9
M31 M31_ceph 4.866 1.09 20.01 0.147 8.9
M31 M31_ceph 3.275 0.73 20.41 0.147 8.9
M31 M31_ceph 5.991 1.35 19.68 0.147 8.9
M31 M31_ceph 42.22 2.08 17.15 0.147 8.9
M31 M31_ceph 4.431 0.69 20.02 0.147 8.9
M31 M31_ceph 3.136 0.63 20.46 0.147 8.9
M31 M31_ceph 3.896 1.36 20.22 0.147 8.9
M31 M31_ceph 9.847 1.71 18.99 0.147 8.9
M31 M31_ceph 14.57 1.85 18.81 0.147 8.9
M31 M31_ceph 4.871 1.12 19.94 0.147 8.9
M31 M31_ceph 6.388 1.1 19.65 0.147 8.9
M31 M31_ceph 4.968 0.78 19.86 0.147 8.9
M31 M31_ceph 6.325 1.4 19.5 0.147 8.9
M31 M31_ceph 16.1 1.36 18.47 0.147 8.9
M31 M31_ceph 4.056 0.81 20.03 0.147 8.9
M31 M31_ceph 4.357 0.67 20.0 0.147 8.9
M31 M31_ceph 4.974 0.82 19.83 0.147 8.9
M31 M31_ceph 5.038 0.99 20.0 0.147 8.9
M31 M31_ceph 3.627 0.9 20.29 0.147 8.9
M31 M31_ceph 4.151 0.76 20.18 0.147 8.9
M31 M31_ceph 10.23 1.01 18.69 0.147 8.9
M31 M31_ceph 3.582 0.81 20.33 0.147 8.9
M31 M31_ceph 9.667 0.89 19.13 0.147 8.9
M31 M31_ceph 4.729 1.04 20.1 0.147 8.9
M31 M31_ceph 6.105 0.83 19.47 0.147 8.9
M31 M31_ceph 8.118 0.79 19.26 0.147 8.9
M31 M31_ceph 5.379 1.2 19.9 0.147 8.9
M31 M31_ceph 9.821 1.3 18.95 0.147 8.9
M31 M31_ceph 7.768 1.22 19.2 0.147 8.9
M31 M31_ceph 5.241 1.03 19.88 0.147 8.9
M31 M31_ceph 3.422 1.02 20.5 0.147 8.9
M31 M31_ceph 4.525 1.05 20.26 0.147 8.9
M31 M31_ceph 5.899 1.28 19.52 0.147 8.9
M31 M31_ceph 7.934 1.07 18.99 0.147 8.9
M31 M31_ceph 5.178 1.01 20.06 0.147 8.9
M31 M31_ceph 4.569 0.92 19.81 0.147 8.9
M31 M31_ceph 12.84 0.99 18.82 0.147 8.9
M31 M31_ceph 6.7 0.81 19.6 0.147 8.9
M31 M31_ceph 3.75 0.85 20.34 0.147 8.9
M31 M31_ceph 22.37 1.1 17.64 0.147 8.9
M31 M31_ceph 6.971 0.67 19.39 0.147 8.9
M31 M31_ceph 9.502 1.01 18.94 0.147 8.9
M31 M31_ceph 4.37 1.01 20.0 0.147 8.9
M31 M31_ceph 7.39 0.9 19.48 0.147 8.9
M31 M31_ceph 8.348 1.04 19.22 0.147 8.9
M31 M31_ceph 6.827 1.19 19.34 0.147 8.9
M31 M31_ceph 5.89 1.3 19.64 0.147 8.9
M31 M31_ceph 4.098 1.05 20.28 0.147 8.9
M31 M31_ceph 3.758 1.16 20.33 0.147 8.9
M31 M31_ceph 3.779 0.59 20.32 0.147 8.9
M31 M31_ceph 7.87 1.14 19.23 0.147 8.9
M31 M31_ceph 4.776 1.24 20.04 0.147 8.9
M31 M31_ceph 33.61 1.65 17.56 0.147 8.9
M31 M31_ceph 15.43 1.29 18.74 0.147 8.9
M31 M31_ceph 4.989 1.41 20.03 0.147 8.9
M31 M31_ceph 3.853 1.18 20.37 0.147 8.9
M31 M31_ceph 7.177 0.79 19.46 0.147 8.9
M31 M31_ceph 4.895 1.08 19.95 0.147 8.9
M31 M31_ceph 7.764 1.33 19.36 0.147 8.9
M31 M31_ceph 32.1 1.61 17.32 0.147 8.9
M31 M31_ceph 30.88 1.54 17.41 0.147 8.9
M31 M31_ceph 3.489 1.0 20.3 0.147 8.9
M31 M31_ceph 15.75 2.14 18.69 0.147 8.9
M31 M31_ceph 4.558 1.13 20.01 0.147 8.9
M31 M31_ceph 4.925 1.26 20.07 0.147 8.9
M31 M31_ceph 3.775 1.04 20.53 0.147 8.9
M31 M31_ceph 4.531 1.13 19.92 0.147 8.9
M31 M31_ceph 4.097 0.51 20.07 0.147 8.9
M31 M31_ceph 3.867 1.23 20.45 0.147 8.9
M31 M31_ceph 4.657 1.29 19.69 0.147 8.9
M31 M31_ceph 3.982 0.79 20.19 0.147 8.9
M31 M31_ceph 7.75 1.45 19.61 0.147 8.9
M31 M31_ceph 3.473 0.81 20.42 0.147 8.9
M31 M31_ceph 5.37 1.33 20.06 0.147 8.9
M31 M31_ceph 10.29 1.36 19.1 0.147 8.9
M31 M31_ceph 10.3 1.38 18.86 0.147 8.9
M31 M31_ceph 10.35 1.32 18.83 0.147 8.9
M31 M31_ceph 10.43 1.07 19.02 0.147 8.9
M31 M31_ceph 10.52 0.92 18.59 0.147 8.9
M31 M31_ceph 10.57 1.36 18.59 0.147 8.9
M31 M31_ceph 10.73 0.96 18.63 0.147 8.9
M31 M31_ceph 10.85 1.05 19.0 0.147 8.9
M31 M31_ceph 10.86 1.02 18.99 0.147 8.9
M31 M31_ceph 10.94 1.07 18.8 0.147 8.9
M31 M31_ceph 10.97 1.57 19.28 0.147 8.9
M31 M31_ceph 11.15 1.31 18.88 0.147 8.9
M31 M31_ceph 11.49 1.5 18.93 0.147 8.9
M31 M31_ceph 11.63 1.38 18.56 0.147 8.9
M31 M31_ceph 11.69 0.86 18.95 0.147 8.9
M31 M31_ceph 11.73 1.09 18.74 0.147 8.9
M31 M31_ceph 12.19 0.89 18.56 0.147 8.9
M31 M31_ceph 12.32 1.7 18.62 0.147 8.9
M31 M31_ceph 12.33 1.52 18.82 0.147 8.9
M31 M31_ceph 12.43 1.27 18.84 0.147 8.9
M31 M31_ceph 12.51 1.08 18.49 0.147 8.9
M31 M31_ceph 12.57 1.63 18.85 0.147 8.9
M31 M31_ceph 12.81 1.4 18.56 0.147 8.9
M31 M31_ceph 12.83 1.22 18.77 0.147 8.9
M31 M31_ceph 13.1 1.63 18.66 0.147 8.9
M31 M31_ceph 13.27 1.34 18.53 0.147 8.9
M31 M31_ceph 13.66 1.19 18.87 0.147 8.9
M31 M31_ceph 13.73 2.05 18.72 0.147 8.9
M31 M31_ceph 14.28 1.56 18.49 0.147 8.9
M31 M31_ceph 14.72 1.42 18.39 0.147 8.9
M31 M31_ceph 15.26 1.68 18.56 0.147 8.9
M31 M31_ceph 16.34 1.48 18.3 0.147 8.9
M31 M31_ceph 16.59 0.78 18.37 0.147 8.9
M31 M31_ceph 17.29 2.24 18.72 0.147 8.9
M31 M31_ceph 17.74 1.34 17.84 0.147 8.9
M31 M31_ceph 18.79 1.83 18.11 0.147 8.9
M31 M31_ceph 20.23 2.09 18.06 0.147 8.9
M31 M31_ceph 20.3 1.57 17.86 0.147 8.9
M31 M31_ceph 21.96 1.73 18.02 0.147 8.9
M31 M31_ceph 22.63 0.66 17.85 0.147 8.9
M31 M31_ceph 23.3 1.77 18.26 0.147 8.9
M31 M31_ceph 26.46 1.87 17.62 0.147 8.9
M31 M31_ceph 26.59 2.33 17.84 0.147 8.9
M31 M31_ceph 31.61 1.56 17.45 0.147 8.9
M31 M31_ceph 32.01 1.62 17.3 0.147 8.9
M31 M31_ceph 32.66 1.63 17.17 0.147 8.9
M31 M31_ceph 36.15 1.44 17.17 0.147 8.9
M31 M31_ceph 41.22 2.29 17.2 0.147 8.9
M31 M31_ceph 43.05 1.78 16.82 0.147 8.9
M31 M31_ceph 43.74 1.5 16.97 0.147 8.9
M31 M31_ceph 48.45 2.49 17.44 0.147 8.9
M31 M31_ceph 56.24 2.07 17.03 0.147 8.9
M31 M31_ceph 78.0 1.82 16.05 0.147 8.9
