m101 115287 17.95 0.96 22.47 0.302 9.134
m101 136682 5.358 1.06 24.41 0.569 9.118
m101 148312 11.86 1.07 22.94 0.323 9.113
m101 164932 14.92 1.13 23.03 0.322 9.105
m101 121146 11.86 0.96 23.14 0.448 9.136
m101 147959 7.762 1.01 23.79 0.415 9.113
m101 157556 25.57 1.14 22.75 0.194 9.148
m101 112715 8.173 0.97 23.8 0.416 9.124
m101 126118 6.969 0.83 23.84 0.427 9.129
m101 161621 14.43 1.24 23.96 0.373 9.15
m101 148496 17.41 0.9 22.4 0.341 9.148
m101 159452 13.21 1.2 23.56 0.426 9.149
m101 100993 11.66 0.97 23.21 0.246 9.075
m101 157343 9.268 0.89 23.65 0.468 9.145
m101 164618 21.51 0.86 22.08 0.239 9.132
m101 159255 15.24 1.04 22.48 0.367 9.152
m101 153182 15.85 1.2 22.53 0.313 9.136
m101 133176 17.21 1.01 22.86 0.323 9.14
m101 12515 11.67 1.03 23.52 0.188 9.072
m101 131897 17.57 1.09 23.05 0.249 9.126
m101 133966 13.0 1.03 23.33 0.413 9.14
m101 119836 11.56 0.91 23.21 0.33 9.103
m101 123858 14.0 1.07 23.42 0.333 9.136
m101 134953 13.39 1.03 23.23 0.258 9.132
m101 101062 30.74 1.45 22.25 0.188 9.127
m101 105242 16.09 1.2 22.82 0.306 9.129
m101 211559 19.38 0.96 22.54 0.249 9.173
m101 175251 12.21 1.09 23.15 0.341 9.119
m101 202156 7.571 0.86 23.91 0.496 9.123
m101 211383 13.2 1.76 23.28 0.419 9.114
m101 191757 11.76 0.95 23.43 0.36 9.166
m101 192848 11.36 0.92 23.49 0.442 9.159
m101 190226 10.48 1.03 22.72 0.375 9.159
m101 206223 20.74 1.56 23.05 0.216 9.154
m101 208093 24.45 1.41 22.3 0.233 9.155
m101 193736 17.58 1.14 23.27 0.312 9.165
m101 203452 12.56 1.12 23.1 0.433 9.169
m101 210917 19.59 0.93 22.68 0.262 9.121
m101 17723 5.671 0.98 24.39 0.478 9.088
m101 180634 33.82 1.36 21.61 0.193 9.147
m101 185748 11.88 1.0 23.01 0.456 9.158
m101 187438 17.27 1.06 23.12 0.274 9.129
m101 196790 18.9 0.93 22.02 0.313 9.109
m101 186264 10.02 1.04 23.3 0.411 9.15
m101 194374 23.38 1.15 22.37 0.254 9.165
m101 174970 45.9 1.44 21.52 0.159 9.145
m101 178794 15.1 1.25 22.87 0.355 9.161
m101 209367 17.07 1.43 23.0 0.313 9.174
m101 203549 12.9 0.96 22.36 0.464 9.171
m101 192950 12.98 0.92 22.48 0.443 9.163
m101 184108 24.88 1.12 22.52 0.206 9.134
m101 230395 15.6 1.13 23.41 0.377 9.147
m101 227346 9.166 1.05 24.08 0.414 9.111
m101 246134 21.59 1.78 22.83 0.26 9.169
m101 221442 9.973 0.92 23.64 0.413 9.138
m101 248725 27.6 1.72 22.31 0.212 9.171
m101 234711 27.3 1.1 22.22 0.219 9.169
m101 220991 34.56 1.23 22.31 0.208 9.118
m101 211924 32.98 0.98 21.92 0.201 9.124
m101 214942 11.75 1.08 23.48 0.328 9.131
m101 227165 11.5 0.87 23.21 0.43 9.14
m101 230803 11.49 1.15 22.63 0.578 9.133
m101 226551 69.62 1.15 20.8 0.158 9.15
m101 225028 40.14 0.97 22.04 0.188 9.153
m101 220172 35.21 1.45 22.28 0.176 9.176
m101 221821 24.11 1.21 22.6 0.23 9.177
m101 226297 16.2 1.23 23.57 0.323 9.113
m101 247555 19.91 0.99 22.32 0.264 9.18
m101 235682 23.89 1.13 22.12 0.225 9.184
m101 215047 20.64 0.99 22.58 0.229 9.149
m101 237220 26.6 1.2 22.13 0.231 9.187
m101 227057 15.88 1.08 23.22 0.306 9.153
m101 221683 19.83 1.12 22.59 0.273 9.157
m101 229119 32.49 1.15 22.1 0.215 9.162
m101 233739 14.99 1.0 23.01 0.35 9.17
m101 241530 25.97 0.88 22.03 0.266 9.171
m101 221570 11.48 1.21 23.76 0.348 9.16
m101 227320 18.9 1.08 23.06 0.368 9.184
m101 233297 12.14 1.16 23.16 0.418 9.145
m101 213832 40.99 1.18 21.86 0.189 9.123
m101 212413 14.49 0.97 23.09 0.361 9.117
m101 223903 10.16 0.99 23.36 0.475 9.124
m101 228604 23.6 1.4 22.09 0.211 9.18
m101 247523 15.52 1.27 23.16 0.292 9.13
m101 248832 15.48 1.03 22.41 0.259 9.155
m101 281523 20.17 0.96 22.75 0.204 9.154
m101 286474 18.08 1.08 22.73 0.293 9.16
m101 252819 21.61 1.69 22.58 0.25 9.148
m101 294887 26.17 1.23 22.69 0.248 9.209
m101 291662 17.83 1.15 22.61 0.33 9.212
m101 271937 19.31 0.9 22.62 0.276 9.152
m101 267629 19.2 1.24 22.64 0.262 9.157
m101 257602 14.66 1.59 23.63 0.331 9.138
m101 272627 32.2 1.61 22.26 0.197 9.202
m101 25168 5.06 0.85 24.19 0.347 9.077
m101 283512 20.88 1.14 22.78 0.3 9.162
m101 278069 19.46 1.02 22.39 0.358 9.194
m101 25852 21.19 1.01 22.32 0.156 9.073
m101 290336 15.88 0.94 23.45 0.421 9.21
m101 277736 22.76 1.02 22.34 0.235 9.188
m101 251511 10.26 1.0 24.28 0.46 9.129
m101 252496 7.277 1.09 23.73 0.509 9.169
m101 264930 17.92 1.0 22.5 0.23 9.159
m101 281695 23.89 1.05 22.21 0.295 9.208
m101 292339 15.56 1.35 23.16 0.376 9.169
m101 282769 36.12 0.98 22.25 0.214 9.207
m101 288267 13.58 1.05 22.67 0.338 9.21
m101 262967 12.91 1.28 23.19 0.327 9.168
m101 291090 18.08 1.17 21.73 0.402 9.209
m101 284067 10.95 0.89 23.52 0.47 9.164
m101 280724 28.7 1.18 21.99 0.172 9.128
m101 269853 16.16 0.85 22.71 0.391 9.188
m101 275536 31.97 1.72 22.16 0.228 9.19
m101 294352 24.99 0.95 21.68 0.299 9.209
m101 276726 12.56 1.07 22.66 0.384 9.155
m101 301266 12.48 1.5 23.87 0.505 9.211
m101 295889 19.26 1.3 22.74 0.422 9.21
m101 319860 24.04 1.26 22.37 0.277 9.205
m101 316077 9.683 1.1 23.59 0.411 9.148
m101 310588 10.96 0.84 23.02 0.368 9.156
m101 677641 20.48 0.86 22.04 0.217 9.171
m101 77186 25.6 1.08 22.68 0.207 9.091
m101 66960 27.59 0.94 22.02 0.173 9.112
m101 53242 10.26 1.1 23.19 0.243 9.054
m101 75429 9.274 1.0 22.93 0.419 9.117
m101 716117 10.69 0.9 23.44 0.464 9.168
m101 606682 10.79 1.21 23.39 0.376 9.135
m101 54672 6.859 0.91 23.96 0.246 9.078
m101 78285 10.39 0.9 23.63 0.301 9.115
m101 680030 7.876 0.92 23.68 0.31 9.125
m101 98953 10.87 1.12 23.09 0.278 9.123
m101 98167 26.0 1.02 21.99 0.211 9.126
m101 95172 15.31 0.97 22.54 0.241 9.075
m101 84304 42.36 1.15 21.42 0.172 9.12
m101 82579 7.552 0.86 23.66 0.307 9.119
m101 283560 28.93 1.25 22.28 0.219 9.208
m101 179331 26.75 1.17 22.22 0.214 9.157
m101 91034 17.3 1.15 22.21 0.29 9.122
m101 254566 12.07 1.09 23.05 0.471 9.181
m101 40851 18.28 1.04 22.48 0.257 9.165
m101 38839 17.08 1.0 22.3 0.25 9.168
m101 40060 9.882 1.04 22.93 0.403 9.166
m101 42877 19.62 1.06 22.83 0.276 9.176
m101 38279 17.25 1.02 22.57 0.268 9.17
m101 44666 12.8 1.1 23.23 0.328 9.173
m101 44333 12.49 1.32 22.95 0.294 9.162
m101 397164 6.758 1.02 24.16 0.38 9.057
m101 6705 19.16 1.05 21.91 0.365 9.182
m101 71362 11.09 0.99 23.12 0.398 9.192
m101 55763 14.1 1.23 23.1 0.243 9.156
m101 678246 19.56 1.08 22.81 0.226 9.114
m101 75602 11.27 0.98 23.02 0.289 9.178
m101 73007 15.37 1.0 23.0 0.262 9.144
m101 679198 32.92 1.18 22.06 0.159 9.084
m101 66773 18.09 0.93 23.09 0.254 9.167
m101 64911 20.6 1.19 22.59 0.224 9.184
m101 721202 14.04 0.96 23.1 0.257 9.097
m101 66284 14.48 1.35 22.73 0.298 9.172
m101 78026 10.96 1.19 23.01 0.318 9.16
m101 79671 10.38 1.05 23.25 0.379 9.177
m101 94097 10.46 1.32 22.68 0.412 9.174
m101 81242 11.52 1.05 22.96 0.362 9.183
m101 92329 23.08 1.09 22.4 0.22 9.181
m101 93020 19.31 1.55 22.69 0.286 9.179
m101 90168 5.98 1.05 23.93 0.388 9.177
m101 97872 24.6 1.13 22.5 0.205 9.184
m101 86123 17.77 1.1 22.79 0.217 9.142
m101 87556 10.95 0.89 23.19 0.372 9.181
m101 89050 24.84 1.2 22.53 0.207 9.171
m101 134136 15.03 1.0 23.31 0.258 9.115
m101 126265 10.76 1.1 22.87 0.404 9.169
m101 141245 27.25 1.2 22.52 0.168 9.166
m101 100017 18.36 0.9 22.75 0.344 9.199
m101 156248 18.82 1.07 22.74 0.213 9.191
m101 141870 10.59 0.96 22.91 0.223 9.137
m101 120706 12.86 1.16 22.71 0.297 9.179
m101 120224 31.54 1.42 21.73 0.182 9.196
m101 195818 7.364 0.95 24.18 0.362 9.104
m101 168798 11.15 1.4 23.59 0.345 9.177
m101 203569 11.39 1.01 23.83 0.311 9.133
m101 196870 5.066 1.1 24.22 0.55 9.089
m101 20978 29.04 0.95 22.23 0.468 9.188
m101 190990 10.69 0.96 22.96 0.293 9.176
m101 205603 15.05 1.23 23.4 0.272 9.151
m101 212178 9.95 0.88 23.55 0.361 9.106
m101 205210 9.064 0.99 23.28 0.291 9.172
m101 192614 12.3 0.98 22.88 0.33 9.156
m101 178616 9.65 1.1 23.52 0.295 9.125
m101 194602 17.06 1.01 23.25 0.24 9.14
m101 202091 5.261 0.9 24.24 0.47 9.126
m101 165984 26.61 0.96 22.28 0.165 9.117
m101 188874 13.93 1.02 23.26 0.284 9.152
m101 181233 24.65 1.22 22.5 0.182 9.152
m101 163272 7.876 1.0 24.01 0.518 9.17
m101 212709 9.278 0.81 23.73 0.295 9.157
m101 214250 7.673 0.93 24.15 0.427 9.167
m101 199251 71.3 1.07 21.14 0.15 9.126
m101 183024 16.91 0.91 23.03 0.229 9.137
m101 193338 12.18 0.93 23.24 0.299 9.143
m101 181580 12.91 1.11 23.72 0.24 9.142
m101 195561 10.26 0.93 23.21 0.448 9.15
m101 161100 26.46 0.99 21.95 0.21 9.187
m101 224407 5.566 1.06 24.59 0.424 9.143
m101 217106 14.32 1.08 22.54 0.269 9.113
m101 227088 25.27 1.34 22.26 0.201 9.142
m101 260680 17.19 1.35 22.72 0.199 9.109
m101 260598 6.608 0.86 23.91 0.297 9.071
m101 277390 7.459 0.9 23.84 0.332 9.11
m101 282450 17.18 1.37 23.33 0.191 9.079
m101 280742 13.67 0.95 22.98 0.295 9.072
m101 219429 19.46 1.23 22.97 0.202 9.087
m101 270707 74.88 1.04 20.93 0.153 9.12
m101 243050 76.78 1.21 20.79 0.15 9.114
m101 242444 7.151 1.09 23.82 0.389 9.149
m101 248945 19.55 1.01 22.65 0.214 9.142
m101 270678 19.21 1.05 22.8 0.217 9.136
m101 267743 7.977 0.9 23.91 0.293 9.122
m101 255017 29.52 1.54 22.42 0.165 9.093
m101 263257 15.2 1.03 22.52 0.224 9.063
m101 265018 14.03 1.01 22.8 0.237 9.092
m101 218108 6.08 0.82 24.1 0.426 9.092
m101 282449 26.25 1.47 22.74 0.165 9.08
m101 272146 26.12 1.01 22.08 0.171 9.106
m101 236615 23.04 1.16 22.28 0.214 9.133
m101 272115 10.5 1.17 23.32 0.349 9.136
m101 237507 44.7 1.37 21.54 0.156 9.157
m101 229426 24.05 1.44 22.52 0.225 9.142
m101 253052 10.68 0.86 23.43 0.338 9.126
m101 230998 6.163 0.99 24.55 0.513 9.141
m101 230116 10.86 1.05 23.05 0.404 9.142
m101 269346 11.38 0.96 23.78 0.318 9.14
m101 228878 12.9 0.91 23.19 0.347 9.105
m101 286623 15.51 1.21 23.28 0.204 9.083
m101 299699 6.86 0.81 23.97 0.388 9.124
m101 363373 6.059 0.97 23.64 0.393 9.083
m101 350718 9.372 0.88 24.04 0.34 9.099
m101 293249 20.49 0.89 22.22 0.181 9.069
m101 292025 34.87 1.3 22.33 0.165 9.109
m101 345893 11.3 0.97 23.53 0.234 9.082
m101 313164 11.27 0.96 23.38 0.261 9.112
m101 300056 18.25 0.99 22.59 0.188 9.102
m101 364866 8.779 0.99 23.92 0.27 9.077
m101 351392 14.43 0.86 22.62 0.178 9.085
m101 294062 14.12 1.09 23.28 0.284 9.118
m101 292617 26.9 1.26 22.54 0.158 9.061
m101 309447 6.378 0.84 24.38 0.386 9.073
m101 293622 16.43 1.3 23.25 0.21 9.123
m101 48875 18.27 1.04 22.06 0.334 9.173
m101 103016 13.93 1.06 22.42 0.277 9.173
m101 219452 12.78 0.99 23.49 0.257 9.167
m101 356191 17.97 0.93 23.17 0.242 9.069
n1015 130582 29.48 0.78 25.74 0.414 8.802
n1015 142580 32.59 1.44 25.18 0.478 8.684
n1015 92802 34.98 1.48 24.79 0.381 8.831
n1015 35224 40.42 1.27 24.76 0.442 8.766
n1015 16524 50.08 1.3 25.06 0.35 8.635
n1015 40722 58.28 1.64 25.28 0.267 8.641
n1015 34805 61.85 1.63 24.0 0.308 8.666
n1015 95917 62.12 1.22 24.41 0.397 8.905
n1015 52448 63.86 1.33 24.36 0.248 8.621
n1015 91423 70.41 1.4 24.23 0.299 8.985
n1015 134588 74.43 1.19 24.69 0.322 9.039
n1015 122746 74.61 1.25 24.26 0.205 8.499
n1015 152327 87.33 1.13 23.96 0.166 8.704
n1015 21471 97.49 1.24 23.82 0.216 9.033
n1309 154632 38.1 1.08 25.46 0.222 8.582
n1309 149317 39.31 1.34 25.31 0.422 8.722
n1309 42756 39.42 1.14 25.28 0.238 8.793
n1309 40303 39.5 1.0 25.19 0.238 8.758
n1309 50270 39.83 1.22 25.56 0.255 8.866
n1309 119907 40.84 1.4 24.57 0.552 8.974
n1309 136479 41.02 1.15 25.07 0.184 8.646
n1309 67093 41.77 1.23 24.45 0.454 9.037
n1309 82654 41.94 1.05 24.24 0.496 8.987
n1309 27150 42.11 1.03 24.49 0.276 8.86
n1309 50545 44.14 1.11 25.34 0.573 8.825
n1309 48826 44.32 1.65 24.54 0.344 8.975
n1309 103930 44.6 0.89 24.95 0.222 8.739
n1309 2099043 44.3 1.39 24.12 0.449 8.866
n1309 47351 45.45 1.02 24.64 0.241 8.828
n1309 2108877 47.59 1.34 24.78 0.533 8.841
n1309 152242 47.82 0.95 24.76 0.332 8.715
n1309 2117990 48.18 1.23 24.88 0.433 8.745
n1309 134187 47.87 1.31 23.84 0.62 8.862
n1309 150120 48.45 1.52 24.85 0.302 8.743
n1309 22773 49.57 1.35 25.16 0.231 8.84
n1309 105535 50.82 1.25 24.92 0.489 9.074
n1309 66971 51.38 1.14 24.75 0.239 8.849
n1309 126515 51.43 0.8 24.6 0.602 8.922
n1309 65208 52.02 1.41 24.34 0.183 8.734
n1309 89446 52.5 1.11 24.57 0.397 8.95
n1309 105633 54.07 0.89 24.65 0.653 8.963
n1309 62523 56.82 1.13 24.77 0.248 8.934
n1309 68651 58.92 1.31 25.03 0.328 8.978
n1309 122991 58.97 1.66 24.83 0.431 8.902
n1309 145875 64.63 1.54 24.58 0.327 8.726
n1309 120871 64.84 1.32 23.75 0.541 8.983
n1309 83989 64.2 1.32 24.32 0.186 8.688
n1309 25808 67.7 1.18 24.61 0.187 8.854
n1309 83493 57.92 1.4 24.53 0.346 8.967
n1309 47225 69.33 1.11 24.57 0.217 8.804
n1309 37762 69.3 1.09 24.31 0.208 8.914
n1309 49918 71.48 1.08 24.12 0.232 8.758
n1309 87828 73.62 0.97 24.31 0.3 8.996
n1309 124934 75.76 1.5 24.21 0.395 8.918
n1309 127649 84.54 1.07 24.27 0.499 8.885
n1309 88762 84.89 1.27 23.9 0.397 9.007
n1309 24251 90.59 1.31 24.01 0.177 8.781
n1309 91743 90.91 1.06 24.08 0.357 9.061
n1365 111818 15.9 0.71 25.07 0.633 8.814
n1365 140975 16.45 1.27 25.25 0.322 8.42
n1365 123989 16.72 0.88 24.53 0.396 8.715
n1365 132389 17.0 1.07 25.29 0.328 8.613
n1365 103384 17.01 0.91 25.82 0.44 8.796
n1365 111940 19.69 0.67 24.86 0.397 8.784
n1365 136735 25.7 0.89 24.48 0.176 8.48
n1365 101154 26.08 0.99 23.98 0.698 8.878
n1365 63449 26.96 1.36 24.16 0.356 8.858
n1365 138773 26.98 1.01 24.4 0.188 8.481
n1365 120972 27.45 1.04 24.41 0.244 8.72
n1365 65336 27.94 0.87 24.82 0.317 8.839
n1365 124631 29.33 1.02 24.11 0.241 8.705
n1365 130859 29.37 0.98 24.48 0.225 8.571
n1365 133465 29.45 1.35 24.29 0.226 8.538
n1365 105797 30.34 1.29 24.07 0.476 8.851
n1365 106470 30.39 0.91 23.83 0.423 8.851
n1365 100027 31.37 0.67 24.33 0.295 8.845
n1365 94995 32.42 1.02 24.35 0.451 8.897
n1365 122163 34.1 1.21 24.19 0.19 8.68
n1365 87703 35.11 1.21 23.54 0.262 8.786
n1365 61628 37.01 1.61 24.27 0.375 9.018
n1365 90510 39.06 1.06 24.04 0.408 8.905
n1365 128912 40.73 1.14 23.47 0.199 8.673
n1365 103704 40.85 1.43 24.26 0.231 8.825
n1365 104907 42.9 1.1 23.44 0.361 8.854
n1365 123489 43.0 0.97 23.96 0.318 8.72
n1365 101731 47.24 0.91 23.03 0.22 8.848
n1365 94055 51.45 1.33 23.91 0.245 8.884
n1365 129336 57.13 0.95 23.42 0.157 8.668
n1365 88821 63.17 1.32 23.35 0.26 8.915
n1365 75575 68.46 1.25 22.9 0.317 8.976
n1448 67680 15.22 1.08 25.64 0.536 8.748
n1448 70048 15.58 0.52 25.87 0.422 8.884
n1448 106396 15.78 1.21 24.74 0.413 8.86
n1448 100437 16.0 0.98 24.35 0.615 8.868
n1448 30983 16.03 0.7 25.41 0.373 8.717
n1448 20241 16.16 1.06 25.15 0.291 8.677
n1448 67991 16.19 0.74 24.99 0.514 8.878
n1448 55127 16.73 1.33 25.26 0.285 8.834
n1448 9056 17.47 1.05 25.02 0.203 8.627
n1448 2057928 17.96 1.12 25.02 0.351 8.864
n1448 146654 18.18 1.45 25.61 0.295 8.796
n1448 126675 18.2 0.77 24.74 0.696 8.942
n1448 43058 18.25 0.69 24.03 0.434 8.738
n1448 28890 18.37 0.6 24.57 0.375 8.711
n1448 50635 18.44 0.8 24.42 0.408 8.808
n1448 125197 19.22 1.18 24.49 0.254 8.743
n1448 28276 19.54 0.69 24.26 0.288 8.708
n1448 87040 20.65 0.86 23.84 0.495 8.931
n1448 114172 21.17 0.9 24.39 0.302 8.857
n1448 22681 21.26 0.68 24.41 0.211 8.681
n1448 141128 21.28 1.3 24.9 0.228 8.855
n1448 98211 21.62 0.79 24.99 0.272 8.757
n1448 45433 23.2 0.62 24.87 0.486 8.733
n1448 31039 23.48 0.93 24.8 0.165 8.757
n1448 82051 24.71 1.42 24.24 0.277 8.918
n1448 46921 25.82 0.66 24.43 0.193 8.821
n1448 27054 26.14 1.32 24.41 0.19 8.682
n1448 13429 26.43 0.81 24.32 0.224 8.656
n1448 77275 26.85 1.14 24.38 0.473 8.87
n1448 68073 27.28 0.92 23.92 0.418 8.846
n1448 141170 28.11 1.3 24.65 0.21 8.861
n1448 18798 30.86 1.12 23.93 0.177 8.664
n1448 59301 31.45 1.37 24.41 0.299 8.762
n1448 41235 33.17 0.93 24.61 0.232 8.695
n1448 81607 33.89 0.84 24.16 0.196 8.775
n1448 120930 34.33 1.23 24.1 0.646 8.936
n1448 73057 34.85 1.02 23.69 0.289 8.894
n1448 55177 36.09 1.08 23.47 0.221 8.755
n1448 121708 37.1 1.25 23.69 0.322 8.906
n1448 67910 38.71 1.06 24.31 0.194 8.88
n1448 51814 39.17 0.82 23.66 0.159 8.69
n1448 75419 39.42 0.72 23.98 0.309 8.875
n1448 72258 43.93 1.44 23.66 0.319 8.878
n1448 55456 44.12 0.88 23.37 0.187 8.726
n1448 128603 45.53 1.7 23.26 0.513 9.017
n1448 15251 49.07 1.14 23.58 0.127 8.66
n1448 30915 49.07 1.41 23.7 0.164 8.696
n1448 49401 49.64 1.0 23.87 0.142 8.685
n1448 63307 50.62 0.75 23.26 0.14 8.862
n1448 77316 52.12 1.27 23.52 0.15 8.902
n1448 34474 54.93 0.73 23.4 0.15 8.689
n1448 70784 56.54 1.03 23.01 0.182 8.859
n1448 52427 59.99 1.06 23.27 0.172 8.725
n1448 58446 93.35 1.24 22.9 0.119 8.852
n2442 186963 15.01 1.78 25.17 0.549 8.884
n2442 99851 15.33 1.55 25.33 0.495 9.12
n2442 241859 15.69 1.16 25.7 0.515 8.628
n2442 281583 15.76 0.87 25.04 0.599 8.563
n2442 237598 15.76 1.86 25.24 0.631 8.689
n2442 172188 15.88 1.43 25.64 0.665 9.05
n2442 51166 15.93 1.68 25.51 0.694 9.018
n2442 307271 16.09 1.93 26.21 0.695 8.631
n2442 261899 16.27 1.49 24.92 0.507 8.951
n2442 71147 16.89 1.41 24.73 0.61 9.104
n2442 72505 17.09 1.77 25.55 0.443 9.177
n2442 302230 17.11 1.48 25.94 0.662 8.595
n2442 197680 17.72 1.72 24.8 0.587 8.968
n2442 309173 18.74 1.45 25.39 0.67 8.801
n2442 222924 18.8 1.78 25.42 0.588 8.852
n2442 59030 19.63 1.79 25.64 0.543 8.775
n2442 106567 19.72 1.44 24.77 0.616 9.22
n2442 299524 19.85 1.78 24.72 0.661 8.71
n2442 220891 20.02 0.96 25.67 0.548 8.999
n2442 108661 20.08 1.35 24.68 0.522 9.056
n2442 255145 20.1 1.35 24.86 0.606 8.886
n2442 50722 20.3 1.4 24.32 0.526 9.224
n2442 157616 20.33 1.27 25.44 0.479 8.848
n2442 159204 20.42 1.54 24.92 0.553 8.899
n2442 62750 20.43 1.8 25.16 0.646 9.025
n2442 277926 20.93 2.09 24.63 0.655 8.697
n2442 261332 21.0 1.56 25.18 0.537 8.946
n2442 215636 21.07 1.66 24.8 0.644 8.81
n2442 81577 21.31 1.56 24.72 0.644 9.087
n2442 275077 21.49 1.38 24.34 0.546 8.814
n2442 42277 21.97 0.8 25.06 0.661 9.26
n2442 119156 22.04 1.07 25.36 0.69 9.1
n2442 231881 22.11 1.67 24.54 0.513 8.692
n2442 176255 22.26 0.8 24.88 0.569 9.053
n2442 255741 22.7 1.5 25.66 0.509 8.849
n2442 49602 22.85 1.7 24.75 0.652 9.067
n2442 147294 23.08 1.18 24.22 0.588 9.08
n2442 88058 23.1 1.69 24.62 0.474 9.274
n2442 126999 23.13 1.64 25.13 0.546 9.098
n2442 180801 23.35 1.68 25.33 0.43 9.037
n2442 76731 23.58 0.98 24.73 0.54 9.19
n2442 72081 24.36 1.87 24.87 0.656 9.096
n2442 62039 24.42 1.29 24.78 0.672 9.227
n2442 54276 24.45 2.02 24.77 0.562 9.065
n2442 121740 24.65 1.91 25.38 0.437 8.903
n2442 290612 25.01 1.84 24.85 0.614 8.773
n2442 197193 25.11 1.48 25.37 0.495 8.838
n2442 186319 25.18 1.41 24.67 0.594 8.851
n2442 180394 25.45 1.79 24.37 0.428 8.995
n2442 92466 25.53 1.6 25.35 0.536 9.015
n2442 110569 25.57 1.69 24.7 0.542 9.206
n2442 248384 25.62 1.95 25.11 0.493 8.986
n2442 110916 25.72 0.98 24.45 0.363 9.121
n2442 198214 25.73 1.15 25.0 0.588 8.888
n2442 185102 25.91 1.1 25.02 0.515 8.887
n2442 269188 26.25 1.23 25.25 0.536 8.944
n2442 286845 26.36 1.44 24.43 0.426 8.897
n2442 285341 26.42 1.11 24.74 0.531 8.752
n2442 82217 26.43 1.42 24.77 0.448 8.737
n2442 224889 26.67 1.87 24.42 0.483 8.676
n2442 2194522 27.06 1.56 25.41 0.512 8.873
n2442 178803 27.13 1.84 24.63 0.473 8.82
n2442 56334 27.28 1.38 24.49 0.598 9.105
n2442 80528 27.51 1.25 24.5 0.555 9.065
n2442 43284 27.64 1.62 24.51 0.504 9.243
n2442 143447 27.67 1.2 24.6 0.429 9.17
n2442 101202 27.78 0.97 24.89 0.656 9.045
n2442 283472 28.64 1.05 25.0 0.564 8.888
n2442 132595 28.64 1.47 24.26 0.686 9.104
n2442 284952 29.17 1.63 24.33 0.443 8.64
n2442 308608 29.45 1.44 24.05 0.418 8.669
n2442 250399 29.47 1.06 24.37 0.469 8.976
n2442 115577 29.75 1.69 24.32 0.601 9.144
n2442 194211 29.81 2.09 24.3 0.569 9.083
n2442 91353 29.83 1.84 24.67 0.588 9.215
n2442 264603 29.85 1.72 24.69 0.426 8.851
n2442 110273 29.95 1.74 24.4 0.595 9.194
n2442 291564 29.99 1.65 24.82 0.551 8.755
n2442 76733 30.34 1.51 24.6 0.45 9.185
n2442 141631 30.59 0.88 24.56 0.65 9.092
n2442 250718 30.83 1.68 24.83 0.615 8.951
n2442 200409 30.97 1.5 24.03 0.473 8.88
n2442 130494 33.16 2.04 24.93 0.403 9.106
n2442 91119 33.42 1.89 24.48 0.375 8.701
n2442 127193 33.67 1.42 23.87 0.637 9.08
n2442 256686 34.06 1.83 23.51 0.516 8.777
n2442 261836 34.2 1.89 24.94 0.675 8.779
n2442 255251 34.38 1.44 24.63 0.557 8.826
n2442 138447 34.39 1.62 24.35 0.382 9.079
n2442 127903 34.44 1.29 25.04 0.494 9.101
n2442 58232 34.56 1.55 24.47 0.508 8.721
n2442 59168 35.19 1.88 24.54 0.61 9.181
n2442 296832 35.34 1.7 24.08 0.527 8.717
n2442 283204 35.56 1.8 23.95 0.495 8.728
n2442 260016 35.98 1.74 24.77 0.431 8.575
n2442 211672 36.18 1.62 23.8 0.576 9.059
n2442 304831 36.53 1.34 24.75 0.607 8.761
n2442 60928 36.66 1.43 24.11 0.414 9.198
n2442 188095 36.74 1.85 24.45 0.394 8.799
n2442 82565 36.76 1.39 24.0 0.594 9.043
n2442 49027 37.13 1.75 24.0 0.516 9.247
n2442 307935 37.33 1.56 24.54 0.464 8.762
n2442 109277 37.37 1.55 24.1 0.593 9.046
n2442 90441 38.02 1.72 24.29 0.436 9.024
n2442 94954 38.03 1.54 24.15 0.514 9.043
n2442 286770 38.03 1.55 24.35 0.591 8.877
n2442 52825 38.31 1.65 24.66 0.539 9.119
n2442 309722 38.33 1.65 23.81 0.443 8.755
n2442 133957 39.79 1.54 24.27 0.555 9.086
n2442 276604 40.49 1.66 24.41 0.547 8.898
n2442 134174 40.71 1.54 23.93 0.6 9.042
n2442 39398 40.74 1.29 24.72 0.367 9.115
n2442 266788 40.97 2.15 24.51 0.454 8.637
n2442 157022 41.66 2.02 23.98 0.441 9.089
n2442 289797 41.72 1.98 24.05 0.56 8.813
n2442 117184 42.11 1.26 24.41 0.533 9.058
n2442 105613 43.29 1.96 24.49 0.424 9.261
n2442 289866 44.06 1.74 24.91 0.319 8.856
n2442 298319 44.95 2.05 24.11 0.559 8.711
n2442 202104 45.54 1.91 23.6 0.486 8.884
n2442 168518 46.47 1.62 23.72 0.325 8.659
n2442 154766 46.63 2.07 24.3 0.394 8.647
n2442 230922 46.9 1.53 24.2 0.416 8.782
n2442 78732 47.27 1.52 24.12 0.405 9.054
n2442 112435 48.0 1.79 24.69 0.445 9.129
n2442 159386 48.82 1.34 23.95 0.521 9.045
n2442 172572 52.0 1.48 23.77 0.437 9.147
n2442 250213 52.03 1.74 24.07 0.533 8.98
n2442 305555 53.65 1.74 24.22 0.578 8.733
n2442 249920 53.85 1.48 24.33 0.509 8.981
n2442 241406 57.96 1.98 23.72 0.47 8.953
n2442 267506 59.23 1.62 23.35 0.477 8.84
n2442 247123 59.33 1.44 23.77 0.442 8.983
n2442 51090 62.39 1.98 23.66 0.407 9.115
n2442 259540 63.46 1.73 24.25 0.34 8.619
n2442 234145 63.84 2.1 23.98 0.285 8.623
n2442 281192 67.41 1.62 23.9 0.379 8.659
n2442 300268 69.59 1.73 23.56 0.223 8.576
n2442 200106 69.61 1.7 23.43 0.395 8.871
n2442 54562 75.16 1.63 23.42 0.19 8.734
n2442 260081 77.54 1.43 23.67 0.346 8.758
n3021 64252 16.18 0.92 25.72 0.578 8.831
n3021 97590 18.24 1.0 25.05 0.536 8.972
n3021 114118 20.6 1.13 26.8 0.581 8.93
n3021 80760 21.01 1.17 25.79 0.596 8.914
n3021 155661 22.98 0.99 25.64 0.286 8.665
n3021 143080 23.95 1.22 25.3 0.458 8.968
n3021 124526 26.78 1.18 25.49 0.365 8.875
n3021 122365 31.09 0.93 25.57 0.525 9.197
n3021 74434 31.68 0.87 24.54 0.496 9.045
n3021 114576 33.18 1.06 24.83 0.308 9.007
n3021 127220 35.31 1.49 25.65 0.308 8.945
n3021 141178 36.38 1.27 25.35 0.298 8.936
n3021 120418 35.34 0.84 25.23 0.432 9.166
n3021 123439 39.41 1.18 25.02 0.309 8.895
n3021 67964 39.83 1.24 26.08 0.432 8.964
n3021 59565 44.28 0.58 25.06 0.235 8.869
n3021 107249 56.24 1.32 24.65 0.528 9.089
n3021 65081 58.08 0.9 24.31 0.242 8.842
n3370 42916 24.06 1.39 24.84 0.429 8.777
n3370 40625 24.08 1.12 25.68 0.564 8.929
n3370 170179 24.62 1.05 25.44 0.245 8.447
n3370 77247 24.89 1.04 25.39 0.224 8.597
n3370 2053060 25.38 0.83 25.1 0.661 8.96
n3370 140127 25.41 1.4 24.53 0.382 8.782
n3370 75776 26.39 1.25 25.19 0.272 8.673
n3370 65151 26.63 1.18 25.7 0.318 8.709
n3370 60692 26.67 1.2 25.22 0.453 8.798
n3370 144079 26.81 1.2 25.47 0.295 8.565
n3370 157064 28.49 1.24 25.05 0.28 8.631
n3370 58859 28.99 1.31 25.09 0.335 8.809
n3370 138531 29.52 1.03 25.65 0.242 8.607
n3370 77712 30.03 1.09 24.55 0.531 8.943
n3370 36935 30.14 0.98 25.28 0.549 8.894
n3370 147636 30.31 1.42 24.98 0.213 8.542
n3370 30963 30.38 1.26 25.35 0.379 8.838
n3370 10141 31.2 1.35 24.73 0.334 8.636
n3370 71353 31.31 1.17 25.04 0.542 8.906
n3370 26623 31.37 1.04 25.47 0.244 8.72
n3370 85290 31.47 1.15 25.34 0.256 8.713
n3370 66128 32.79 1.25 24.57 0.365 8.887
n3370 74164 34.07 1.19 24.16 0.592 8.957
n3370 54733 34.34 0.9 24.6 0.695 9.048
n3370 82233 34.64 1.18 23.95 0.362 9.022
n3370 47147 34.97 1.22 24.98 0.481 8.979
n3370 72754 35.06 1.33 24.96 0.28 8.697
n3370 147159 35.25 1.28 24.61 0.267 8.737
n3370 163049 35.27 1.12 24.81 0.214 8.561
n3370 67708 35.72 1.02 24.62 0.206 8.576
n3370 153082 35.73 1.14 24.68 0.238 8.686
n3370 25985 36.46 1.21 24.92 0.39 8.8
n3370 161906 36.61 1.19 25.15 0.213 8.497
n3370 92881 37.46 1.18 25.12 0.246 8.775
n3370 140125 38.36 1.25 24.55 0.309 8.757
n3370 72864 38.57 0.95 24.62 0.244 8.811
n3370 121969 38.77 1.21 24.33 0.257 8.768
n3370 92511 39.22 1.03 24.67 0.257 8.732
n3370 120631 39.76 1.29 24.33 0.482 8.915
n3370 42842 40.49 0.99 24.47 0.404 8.898
n3370 41321 40.97 1.36 24.95 0.449 8.921
n3370 65660 41.22 1.21 24.49 0.493 8.932
n3370 71357 44.28 1.29 24.09 0.293 8.866
n3370 69222 44.37 1.13 24.68 0.426 9.097
n3370 29983 42.91 1.36 23.93 0.323 8.836
n3370 33115 45.37 1.29 24.65 0.469 8.864
n3370 134313 46.56 1.23 24.7 0.195 8.606
n3370 87112 47.66 1.11 24.25 0.237 8.909
n3370 137161 49.43 1.19 24.7 0.324 8.793
n3370 145867 49.69 1.26 24.44 0.226 8.753
n3370 54553 54.11 1.16 24.38 0.221 8.759
n3370 87200 55.27 1.14 24.75 0.346 8.914
n3370 96608 61.76 1.25 23.8 0.191 8.737
n3370 33971 61.8 1.12 24.12 0.255 8.845
n3370 11444 66.91 0.92 23.71 0.185 8.642
n3370 11019 67.43 1.49 23.83 0.208 8.646
n3370 97670 67.74 1.48 23.77 0.505 9.061
n3370 75264 68.99 1.19 23.58 0.192 8.843
n3370 75521 72.83 1.07 23.66 0.303 8.939
n3370 89356 75.49 1.29 23.58 0.222 8.888
n3370 64613 84.92 1.12 23.94 0.299 9.029
n3370 145193 88.17 1.0 23.74 0.177 8.756
n3370 34933 96.1 1.23 23.51 0.211 8.798
n3447 23604 20.06 0.92 24.91 0.436 8.647
n3447 78994 20.3 0.85 25.68 0.415 8.877
n3447 89098 20.32 0.88 25.14 0.264 8.706
n3447 67503 20.42 1.35 26.25 0.462 8.497
n3447 111248 20.55 0.94 25.23 0.501 8.757
n3447 86910 20.7 0.79 25.59 0.422 8.896
n3447 81488 20.82 1.09 24.69 0.478 8.788
n3447 130567 21.12 1.05 25.54 0.249 8.688
n3447 47464 22.08 0.65 25.33 0.305 8.547
n3447 75664 22.36 1.01 24.87 0.215 8.71
n3447 131969 22.49 0.59 25.32 0.26 8.709
n3447 59615 22.53 1.44 24.61 0.466 8.751
n3447 74973 22.83 0.74 25.06 0.218 8.703
n3447 115489 22.98 0.85 25.13 0.248 8.908
n3447 131834 23.11 1.23 25.18 0.21 8.716
n3447 135216 23.15 1.02 24.86 0.311 8.746
n3447 126584 24.18 1.05 25.66 0.283 8.735
n3447 118584 24.19 0.56 25.75 0.387 8.735
n3447 75725 24.2 1.22 25.65 0.33 8.752
n3447 113270 24.35 0.98 25.59 0.305 8.729
n3447 155009 24.44 1.3 25.31 0.306 8.561
n3447 123914 24.49 1.15 25.46 0.39 8.717
n3447 152848 24.78 1.11 25.06 0.191 8.566
n3447 122695 25.4 1.17 24.39 0.578 8.572
n3447 2036991 25.52 0.9 24.54 0.664 8.779
n3447 80864 25.75 0.67 25.13 0.256 8.743
n3447 104650 26.4 1.09 24.88 0.249 8.9
n3447 27719 27.11 0.98 25.55 0.315 8.653
n3447 82951 27.32 0.71 24.94 0.583 8.786
n3447 79170 27.37 0.79 24.65 0.405 8.641
n3447 99463 27.72 1.13 25.54 0.394 8.756
n3447 66906 27.87 1.42 25.17 0.625 8.702
n3447 118943 28.75 1.12 25.22 0.139 8.896
n3447 25296 29.19 0.81 25.0 0.22 8.521
n3447 115658 29.31 0.96 25.67 0.352 8.769
n3447 23998 29.67 1.08 24.76 0.226 8.651
n3447 75853 29.99 0.85 24.49 0.221 8.791
n3447 59012 30.0 1.03 25.21 0.277 8.793
n3447 115751 30.41 0.95 25.52 0.422 8.758
n3447 143046 30.53 0.78 24.92 0.203 8.577
n3447 99305 30.93 0.75 25.19 0.301 8.87
n3447 28352 31.65 1.1 24.83 0.194 8.623
n3447 126368 32.02 0.72 24.33 0.235 8.733
n3447 26549 32.18 0.7 24.66 0.187 8.634
n3447 110619 32.24 1.11 24.88 0.353 8.736
n3447 135377 32.86 1.12 24.34 0.236 8.67
n3447 76552 33.24 0.94 24.93 0.265 8.55
n3447 122444 33.86 1.57 24.95 0.315 8.736
n3447 126077 34.22 1.25 24.34 0.315 8.551
n3447 151664 35.37 1.16 24.93 0.197 8.623
n3447 73409 35.38 1.01 24.44 0.273 8.776
n3447 71205 35.69 1.57 24.79 0.277 8.859
n3447 87900 36.01 1.19 24.4 0.182 8.721
n3447 90651 36.03 1.08 24.27 0.197 8.922
n3447 86972 36.23 0.7 24.37 0.227 8.746
n3447 153419 36.75 1.09 24.41 0.143 8.611
n3447 146000 36.98 1.11 24.79 0.168 8.555
n3447 95760 37.72 0.88 24.52 0.148 8.814
n3447 86619 38.74 0.83 24.14 0.172 8.733
n3447 111859 39.23 1.18 24.56 0.24 8.757
n3447 107513 39.53 0.92 24.24 0.169 8.773
n3447 98902 39.6 0.91 24.27 0.154 8.805
n3447 91688 40.1 0.76 24.22 0.262 8.604
n3447 89645 40.54 1.52 24.51 0.16 8.821
n3447 74689 43.23 1.16 23.93 0.314 8.759
n3447 99630 44.64 1.41 24.16 0.184 8.778
n3447 35694 45.57 0.95 24.06 0.123 8.703
n3447 88745 46.1 1.08 24.05 0.267 8.789
n3447 59903 47.09 1.01 24.54 0.217 8.632
n3447 112471 48.41 1.32 24.28 0.261 8.765
n3447 78048 49.31 0.89 24.45 0.191 8.754
n3447 65526 60.59 0.85 24.04 0.113 8.722
n3447 83054 60.76 1.24 23.69 0.198 8.542
n3447 96343 63.12 1.18 23.46 0.162 8.799
n3447 105631 63.76 1.07 23.82 0.252 8.594
n3447 110021 64.35 1.23 23.73 0.154 8.844
n3447 123558 64.36 1.05 23.62 0.198 8.56
n3447 27563 70.59 0.93 23.86 0.127 8.652
n3447 127497 71.61 1.37 23.56 0.165 8.553
n3447 128639 72.5 1.13 23.74 0.179 8.561
n3972 113714 15.38 1.03 25.39 0.608 9.073
n3972 245430 15.45 1.27 25.24 0.614 8.948
n3972 191489 15.77 0.7 25.25 0.544 9.147
n3972 46978 16.26 0.96 25.86 0.54 8.98
n3972 68578 17.36 1.38 25.35 0.623 9.016
n3972 238386 17.76 1.29 25.62 0.619 8.916
n3972 194971 18.05 1.24 25.07 0.47 8.913
n3972 192797 18.11 1.38 24.4 0.558 9.13
n3972 107085 18.13 1.34 25.46 0.694 9.111
n3972 51271 18.15 0.88 25.36 0.519 8.995
n3972 255472 18.56 1.35 24.76 0.474 9.133
n3972 63704 18.83 1.23 24.88 0.485 9.029
n3972 249010 18.97 0.75 25.22 0.608 9.033
n3972 116720 19.16 1.33 24.83 0.61 9.103
n3972 65035 19.67 0.96 24.64 0.475 9.041
n3972 249804 20.57 1.34 25.65 0.569 9.102
n3972 212645 22.35 1.25 25.48 0.64 9.063
n3972 232029 22.47 0.9 24.69 0.391 9.117
n3972 141027 23.85 0.9 25.21 0.527 9.032
n3972 617595 24.87 1.44 25.17 0.567 9.158
n3972 72249 25.01 1.11 25.35 0.583 9.056
n3972 221018 25.04 1.36 24.56 0.599 9.167
n3972 63605 26.25 0.98 24.55 0.531 8.981
n3972 187890 27.17 1.54 24.51 0.422 8.947
n3972 245108 29.64 1.62 24.4 0.482 9.096
n3972 165764 30.21 0.74 24.48 0.41 9.152
n3972 264308 31.84 1.07 24.39 0.605 9.058
n3972 242318 32.03 1.05 23.68 0.578 9.158
n3972 112666 33.42 1.28 24.75 0.535 9.118
n3972 91666 36.5 0.94 24.13 0.403 9.091
n3972 157150 36.6 0.9 24.42 0.296 8.94
n3972 212410 39.39 0.97 24.78 0.504 9.153
n3972 89743 46.12 1.57 23.68 0.415 9.124
n3972 141043 46.32 1.2 24.23 0.489 9.249
n3972 52275 53.88 1.43 23.83 0.211 8.99
n3972 267342 54.17 1.26 23.71 0.281 9.032
n3972 119395 55.87 1.11 23.53 0.468 9.218
n3972 165588 58.02 1.28 23.56 0.141 8.827
n3972 200784 62.6 1.34 23.25 0.494 9.259
n3972 105087 65.5 1.39 23.9 0.293 9.14
n3972 157573 65.56 1.22 24.03 0.533 9.334
n3972 237600 70.55 1.38 23.5 0.26 9.124
n3982 35102 21.38 0.98 24.84 0.307 9.0
n3982 16746 21.65 1.11 25.23 0.286 8.726
n3982 14652 28.22 1.13 23.76 0.53 8.92
n3982 35316 29.74 1.31 24.59 0.451 8.892
n3982 72633 32.53 1.22 24.36 0.169 8.458
n3982 16117 33.81 1.21 24.35 0.403 8.962
n3982 10406 34.21 1.33 24.77 0.202 8.672
n3982 69280 38.69 1.28 24.35 0.175 8.43
n3982 67799 40.44 1.09 24.53 0.174 8.578
n3982 10346 40.45 1.39 24.25 0.273 8.793
n3982 82298 41.68 0.93 24.37 0.226 8.789
n3982 32060 46.98 1.34 24.3 0.43 9.015
n3982 10837 47.46 1.22 24.21 0.236 8.83
n3982 52860 52.59 0.84 23.93 0.479 9.055
n3982 72603 57.63 1.03 23.79 0.174 8.461
n3982 26154 83.3 0.88 23.32 0.3 9.074
n4038 59401 40.21 1.57 24.35 0.403 9.044
n4038 56965 40.48 1.12 23.84 0.465 9.054
n4038 67110 41.07 0.95 23.69 0.524 9.018
n4038 75207 45.26 1.4 23.7 0.306 8.982
n4038 77376 53.13 1.62 23.45 0.524 8.931
n4038 12435 54.5 0.9 24.02 0.501 9.091
n4038 4633 57.27 1.08 23.63 0.619 9.009
n4038 62538 72.38 1.35 23.16 0.396 8.985
n4038 67639 72.94 1.4 22.88 0.402 9.067
n4038 69575 80.26 1.17 21.98 0.362 9.046
n4038 8342 93.07 1.3 23.35 0.383 9.055
n4038 67811 93.57 1.54 22.71 0.25 8.937
n4038 13068 97.11 0.79 22.19 0.423 9.094
n4424 66790 21.88 0.95 24.27 0.531 9.09
n4424 37604 28.63 1.08 24.5 0.424 9.058
n4424 44183 36.4 1.55 22.78 0.733 9.094
n4536 38858 16.1 0.91 24.33 0.409 8.836
n4536 68306 17.37 0.71 24.69 0.254 8.979
n4536 72777 17.9 0.82 24.46 0.355 8.726
n4536 64661 17.92 1.01 24.22 0.312 8.928
n4536 40923 18.45 1.18 24.23 0.269 8.539
n4536 75137 18.79 1.11 24.48 0.233 8.636
n4536 38963 19.22 1.21 24.35 0.311 8.573
n4536 69821 20.13 1.04 24.39 0.232 8.653
n4536 33174 20.79 0.73 24.53 0.271 8.56
n4536 60845 21.57 0.92 24.88 0.275 8.862
n4536 36586 21.77 1.29 24.83 0.365 8.742
n4536 58232 21.85 1.04 24.35 0.375 8.81
n4536 67162 24.06 1.11 23.8 0.23 9.004
n4536 51211 24.72 1.06 23.85 0.355 8.823
n4536 49080 27.53 1.15 23.91 0.327 8.762
n4536 49524 29.43 1.2 24.15 0.587 8.827
n4536 24880 29.66 1.16 23.95 0.273 8.579
n4536 46407 31.97 1.21 23.92 0.26 8.89
n4536 41282 35.21 1.08 23.31 0.263 8.692
n4536 56960 36.76 1.23 23.31 0.26 8.761
n4536 55447 37.28 1.08 24.07 0.325 8.777
n4536 70171 37.6 1.02 23.48 0.191 8.695
n4536 42962 38.41 1.09 23.86 0.24 8.909
n4536 35530 42.93 1.22 23.56 0.204 8.548
n4536 74682 44.28 1.21 23.27 0.233 8.928
n4536 62963 50.04 1.25 23.39 0.168 9.02
n4536 42055 52.97 1.17 23.08 0.166 8.521
n4536 47585 54.53 1.11 22.78 0.178 8.578
n4536 71233 59.27 1.2 22.57 0.254 8.781
n4536 65517 59.46 1.35 22.99 0.169 9.014
n4536 72636 70.45 1.18 22.94 0.168 8.948
n4536 44078 93.62 1.07 22.21 0.171 8.905
n4536 48663 98.78 1.33 22.13 0.161 8.887
n4639 35389 21.53 1.29 23.99 0.402 9.059
n4639 33734 22.26 0.98 24.62 0.358 8.885
n4639 46993 25.5 1.19 24.5 0.488 8.976
n4639 41122 25.81 1.01 23.83 0.449 9.078
n4639 64316 27.15 1.02 24.59 0.558 9.022
n4639 39422 30.6 1.03 24.14 0.406 9.11
n4639 78588 30.84 0.86 24.38 0.329 8.934
n4639 105055 32.08 0.81 24.33 0.227 8.805
n4639 44462 32.53 0.7 24.02 0.412 9.159
n4639 45055 32.59 0.9 24.0 0.515 9.166
n4639 107795 33.08 0.99 24.87 0.292 8.879
n4639 89925 33.45 0.85 24.78 0.289 8.876
n4639 27312 34.1 0.92 24.16 0.244 8.887
n4639 87883 40.9 0.99 23.39 0.353 9.003
n4639 114011 41.19 1.0 23.47 0.271 8.871
n4639 26954 45.66 1.05 24.03 0.28 8.887
n4639 84641 47.98 0.75 23.32 0.476 8.997
n4639 76749 48.27 1.19 23.64 0.505 9.086
n4639 86917 48.91 1.11 24.01 0.177 8.716
n4639 91692 50.18 1.27 23.45 0.431 9.089
n4639 115343 53.87 1.23 24.34 0.283 8.849
n4639 47978 55.57 0.9 24.11 0.286 8.946
n4639 66107 55.99 0.97 23.06 0.341 8.954
n4639 95301 59.46 0.7 22.5 0.341 9.082
n4639 36973 81.01 1.52 23.6 0.289 9.055
n5584 889136 20.77 1.18 24.8 0.351 8.754
n5584 787283 21.07 0.86 25.45 0.543 8.968
n5584 589456 21.41 1.5 24.63 0.477 9.01
n5584 648122 22.68 1.22 25.93 0.387 8.875
n5584 549585 22.92 0.87 25.02 0.547 9.008
n5584 534937 23.34 0.62 24.91 0.347 8.622
n5584 340379 23.55 1.29 25.64 0.351 8.904
n5584 82928 24.29 0.89 24.76 0.415 8.646
n5584 892554 25.03 1.4 24.4 0.419 8.811
n5584 912240 25.07 1.09 25.21 0.292 8.827
n5584 740028 25.57 1.02 24.88 0.529 9.005
n5584 550434 25.59 1.06 25.0 0.305 8.65
n5584 852752 26.36 1.34 24.44 0.394 8.845
n5584 563696 26.67 1.18 25.28 0.348 8.923
n5584 602554 26.72 1.07 24.85 0.515 8.822
n5584 298430 27.53 0.99 24.84 0.314 8.741
n5584 927325 27.87 1.3 24.58 0.353 8.765
n5584 281768 28.23 0.84 24.9 0.327 8.852
n5584 230093 28.36 1.55 24.82 0.551 8.798
n5584 412396 28.87 0.84 24.9 0.411 8.911
n5584 1073816 29.51 1.11 24.47 0.266 8.67
n5584 511109 30.01 1.14 24.62 0.415 9.039
n5584 504490 30.07 0.91 24.63 0.34 9.076
n5584 378235 30.17 1.1 24.64 0.254 8.594
n5584 521128 30.26 1.07 24.36 0.4 9.025
n5584 464626 30.31 1.2 24.77 0.455 8.906
n5584 918325 30.5 0.87 24.82 0.322 8.813
n5584 811974 31.07 1.11 24.22 0.266 8.767
n5584 220248 31.37 1.09 24.46 0.249 8.781
n5584 513372 31.99 1.18 24.17 0.498 8.957
n5584 157119 33.81 0.87 23.92 0.357 8.713
n5584 763038 34.0 1.0 25.01 0.419 8.955
n5584 493790 34.44 1.02 24.75 0.38 9.053
n5584 200467 35.08 1.44 24.78 0.343 8.734
n5584 253461 36.28 1.35 24.2 0.391 8.774
n5584 390652 36.49 0.91 24.25 0.368 8.869
n5584 738261 36.55 1.46 24.39 0.457 8.978
n5584 191706 36.58 0.99 24.51 0.322 8.697
n5584 606041 36.89 0.83 23.82 0.343 8.837
n5584 1015181 37.17 0.99 24.16 0.224 8.729
n5584 550433 38.04 1.33 24.21 0.226 8.664
n5584 605531 38.08 1.16 24.73 0.307 8.941
n5584 513827 38.21 1.31 24.68 0.464 9.089
n5584 449157 38.49 0.94 25.05 0.462 9.0
n5584 727892 38.66 1.08 24.5 0.235 8.73
n5584 571414 39.16 1.08 23.95 0.343 8.938
n5584 238461 39.17 1.46 24.7 0.344 8.791
n5584 175413 39.42 1.03 24.51 0.262 8.709
n5584 715986 39.96 1.44 24.32 0.257 8.857
n5584 810216 40.52 1.25 25.01 0.294 8.905
n5584 374736 41.52 1.17 24.43 0.337 8.88
n5584 411135 43.47 1.02 24.08 0.374 8.968
n5584 97566 43.49 1.42 24.12 0.339 8.658
n5584 543151 43.95 1.4 23.87 0.37 8.983
n5584 1031574 46.23 1.09 24.16 0.19 8.707
n5584 478350 46.76 1.42 24.3 0.369 8.941
n5584 775000 47.94 1.48 24.04 0.347 8.78
n5584 610213 48.21 1.33 23.86 0.347 9.012
n5584 295981 49.03 0.91 24.38 0.253 8.857
n5584 766511 49.35 1.3 24.35 0.174 8.692
n5584 858989 51.77 1.2 23.45 0.258 8.876
n5584 502797 51.93 1.28 23.69 0.28 9.005
n5584 549082 52.17 1.17 24.08 0.306 9.086
n5584 673309 53.56 1.33 23.61 0.251 8.841
n5584 473829 55.14 1.09 23.53 0.245 8.822
n5584 823580 56.17 1.37 23.72 0.204 8.91
n5584 111577 56.72 0.75 23.8 0.242 8.676
n5584 628911 57.84 1.12 23.52 0.253 8.873
n5584 329366 58.93 1.37 24.58 0.265 8.764
n5584 607520 60.05 1.14 23.73 0.2 8.878
n5584 715226 60.55 1.24 24.14 0.402 9.014
n5584 143986 60.58 1.36 24.17 0.24 8.707
n5584 656817 61.94 0.99 23.35 0.257 8.872
n5584 185292 63.12 0.94 23.89 0.227 8.703
n5584 325206 64.09 1.06 24.1 0.219 8.874
n5584 801059 71.47 1.17 23.58 0.171 8.868
n5584 354807 74.59 1.16 23.71 0.205 8.926
n5584 172880 79.48 1.33 23.3 0.176 8.74
n5584 395114 81.2 1.24 23.64 0.202 8.95
n5584 735368 81.36 1.19 23.21 0.185 8.743
n5584 449432 85.11 1.07 23.41 0.251 8.836
n5584 325718 88.51 1.28 23.2 0.224 8.804
n5584 835998 97.75 1.51 23.16 0.162 8.811
n5917 88189 25.97 1.32 25.36 0.519 8.577
n5917 89734 27.01 1.46 25.57 0.361 8.577
n5917 50361 28.49 1.17 25.47 0.246 8.577
n5917 91654 28.83 1.02 25.53 0.377 8.577
n5917 77968 33.75 0.84 25.07 0.384 8.577
n5917 72879 34.0 1.52 25.4 0.245 8.577
n5917 89558 40.09 1.43 24.32 0.492 8.577
n5917 90338 46.32 1.23 24.26 0.386 8.577
n5917 67012 48.82 1.38 24.04 0.5 8.577
n5917 90591 50.29 1.12 24.84 0.497 8.577
n5917 89192 50.32 0.82 24.72 0.462 8.577
n5917 90900 50.73 1.32 23.99 0.335 8.577
n5917 63856 53.2 0.96 24.69 0.299 8.577
n7250 62596 15.06 1.53 25.47 0.685 8.605
n7250 53424 15.22 1.59 24.37 0.555 8.605
n7250 53246 15.25 0.89 25.19 0.455 8.605
n7250 59147 15.88 1.11 24.9 0.571 8.605
n7250 50347 17.44 1.52 25.67 0.655 8.605
n7250 82978 17.61 1.62 24.68 0.403 8.605
n7250 90075 18.37 1.17 25.33 0.563 8.605
n7250 95831 18.51 1.17 24.85 0.425 8.605
n7250 101673 19.38 1.03 25.29 0.598 8.605
n7250 42190 19.97 1.34 24.69 0.247 8.605
n7250 87719 20.37 1.55 25.34 0.37 8.605
n7250 88749 20.44 1.07 24.95 0.309 8.605
n7250 2069078 21.09 1.48 25.62 0.596 8.605
n7250 101740 28.28 1.66 25.09 0.28 8.605
n7250 58876 34.67 1.95 24.84 0.426 8.605
n7250 60122 36.06 1.52 23.73 0.527 8.605
n7250 100204 42.0 1.16 23.74 0.578 8.605
n7250 53816 43.5 1.28 24.09 0.316 8.605
n7250 45708 53.92 1.33 24.02 0.156 8.605
n7250 66279 60.84 1.3 23.1 0.356 8.605
n7250 84523 73.29 1.53 23.08 0.548 8.605
n7250 49008 83.1 1.32 23.3 0.168 8.605
u9391 117519 25.73 1.43 26.13 0.513 8.813
u9391 133794 25.83 0.95 25.69 0.363 8.849
u9391 143428 27.42 1.23 25.36 0.45 8.88
u9391 150943 27.95 0.83 26.4 0.484 8.733
u9391 160198 28.33 1.39 24.94 0.511 8.913
u9391 205995 28.54 0.82 26.26 0.455 8.825
u9391 139135 30.69 0.83 25.7 0.339 8.741
u9391 104081 31.95 1.26 25.89 0.239 8.784
u9391 141824 32.7 0.92 25.68 0.34 8.691
u9391 98757 34.55 0.89 26.16 0.248 8.705
u9391 207830 35.28 0.92 25.79 0.196 8.519
u9391 212578 35.52 0.87 25.11 0.222 8.734
u9391 141458 37.15 1.07 25.51 0.318 8.717
u9391 171843 37.68 1.4 25.11 0.341 8.754
u9391 122299 39.08 1.4 25.66 0.507 8.885
u9391 124125 39.93 1.0 25.75 0.263 8.734
u9391 168368 43.19 1.04 25.11 0.317 8.875
u9391 194365 43.66 1.14 25.79 0.401 8.905
u9391 165258 44.48 1.36 26.04 0.398 8.838
u9391 118457 44.89 1.32 25.5 0.187 8.637
u9391 210838 45.19 1.04 24.66 0.247 8.81
u9391 178622 52.02 1.36 24.65 0.453 8.988
u9391 147432 53.05 1.41 25.53 0.43 9.005
u9391 187232 55.17 1.29 25.38 0.408 8.94
u9391 201082 56.93 0.92 25.1 0.141 8.712
u9391 129389 70.53 1.02 24.38 0.239 8.912
u9391 180785 71.32 1.37 24.49 0.234 8.863
u9391 169515 82.99 1.36 24.59 0.282 8.946
n4258 F13 14.81 1.2 22.8 0.226 8.787
n4258 F16 19.96 1.4 22.38 0.266 8.826
n4258 F33 60.98 1.53 21.62 0.169 8.786
n4258 F29 26.83 1.32 23.12 0.23 8.863
n4258 F20 30.9 1.33 22.61 0.179 8.867
n4258 F12 57.49 1.36 21.18 0.203 8.883
n4258 F11 16.86 1.35 22.78 0.271 8.804
n4258 C068 31.19 1.27 22.46 0.182 8.776
n4258 C056 21.26 1.38 22.5 0.192 8.772
n4258 MO021853 6.156 1.08 24.79 0.428 8.749
n4258 MO023973 7.278 0.88 24.66 0.308 8.755
n4258 C015 8.592 0.92 23.65 0.285 8.741
n4258 MO024025 9.204 0.98 24.04 0.261 8.755
n4258 MO022252 9.817 1.22 24.03 0.293 8.75
n4258 C053 18.32 1.0 23.21 0.19 8.735
n4258 F01 23.75 1.33 22.45 0.17 8.755
n4258 C070 32.3 1.29 22.22 0.182 8.718
n4258 MO028606 43.78 1.24 21.73 0.149 8.769
n4258 C082 45.56 1.16 21.59 0.169 8.744
n4258 C089 83.26 1.15 21.0 0.171 8.743
n4258 MI144755 12.1 1.33 23.34 0.233 8.811
n4258 F10 39.12 1.18 22.07 0.176 8.779
n4258 MI100117 6.798 0.83 23.84 0.477 8.875
n4258 MI085481 7.254 1.18 24.22 0.489 8.901
n4258 MI089375 12.65 1.05 22.94 0.592 8.892
n4258 F02 22.85 1.55 22.63 0.243 8.813
n4258 C033 11.03 1.5 24.15 0.299 8.82
n4258 F28 17.87 1.24 23.01 0.272 8.853
n4258 F06 38.15 1.51 21.9 0.188 8.815
n4258 MI099443 6.279 1.02 23.97 0.59 8.91
n4258 MI097361 6.565 1.17 24.05 0.54 8.917
n4258 MI112093 7.231 1.02 24.66 0.49 8.916
n4258 MI020604 7.627 1.09 24.27 0.609 8.885
n4258 MI115906 7.941 1.1 23.58 0.626 8.911
n4258 MI118600 7.978 1.12 23.9 0.511 8.908
n4258 MI097498 9.906 1.11 24.11 0.528 8.931
n4258 MI110213 11.6 1.36 23.22 0.38 8.911
n4258 MI100093 11.85 0.87 23.31 0.569 8.912
n4258 MI113982 11.99 0.96 23.65 0.382 8.906
n4258 MI058469 12.87 1.21 22.97 0.521 8.916
n4258 MI099783 14.4 1.02 22.95 0.508 8.901
n4258 MI084851 14.48 1.0 23.26 0.331 8.884
n4258 MI122858 14.59 0.93 23.04 0.329 8.901
n4258 MI099411 17.08 1.15 23.4 0.383 8.922
n4258 MI095003 20.42 1.39 23.32 0.393 8.907
n4258 MI105183 22.89 1.24 22.64 0.337 8.926
n4258 MI103070 24.76 1.3 22.66 0.324 8.928
n4258 MI099756 28.42 1.2 22.68 0.333 8.909
n4258 MI097135 31.19 1.38 22.45 0.27 8.923
n4258 MI101120 5.418 1.13 25.24 0.601 8.915
n4258 MI244397 5.525 0.87 24.53 0.395 8.936
n4258 MI062339 6.469 1.05 24.04 0.643 8.933
n4258 MI032080 6.559 0.94 24.32 0.583 8.91
n4258 MI090883 7.161 0.86 24.66 0.577 8.927
n4258 MI052829 7.643 1.15 23.37 0.497 8.947
n4258 MI062955 8.204 0.94 24.47 0.497 8.948
n4258 MI055978 8.219 1.09 24.0 0.584 8.972
n4258 MI092388 8.45 1.34 23.76 0.533 8.921
n4258 MI098042 9.42 1.09 23.74 0.67 8.924
n4258 MI025760 9.684 1.06 23.93 0.634 8.987
n4258 MI064217 9.774 1.07 23.55 0.616 8.946
n4258 MI025811 10.69 1.11 23.45 0.581 8.989
n4258 MI091209 10.71 0.93 23.48 0.496 8.942
n4258 MI091129 10.73 1.07 23.42 0.497 8.938
n4258 MI057246 10.94 1.03 23.19 0.506 8.947
n4258 MI051416 11.16 0.93 23.51 0.458 8.947
n4258 MI084547 11.62 0.93 23.41 0.503 8.948
n4258 MI061828 11.64 1.42 23.6 0.498 8.937
n4258 MI074725 11.96 0.95 23.06 0.554 8.955
n4258 MI059576 12.31 1.22 24.1 0.48 8.968
n4258 MI089618 12.41 1.17 23.41 0.436 8.942
n4258 MI021703 13.88 1.4 24.12 0.607 8.987
n4258 MI175464 13.95 1.45 23.75 0.596 8.989
n4258 MI090355 14.53 1.07 23.57 0.373 8.936
n4258 MI029222 14.66 0.95 23.6 0.496 8.99
n4258 MI017153 14.93 1.6 23.96 0.484 8.995
n4258 MI034667 15.77 1.15 22.86 0.508 8.982
n4258 MI006616 16.04 1.07 23.26 0.542 9.005
n4258 MI060978 16.09 1.38 23.88 0.628 8.952
n4258 MI040434 16.17 1.39 22.9 0.481 8.982
n4258 MI049332 16.21 0.83 23.44 0.413 8.961
n4258 MI019414 16.4 1.04 23.22 0.479 8.986
n4258 MI075254 16.75 1.15 22.93 0.555 8.954
n4258 MI038988 17.8 1.0 23.4 0.442 8.966
n4258 MI031478 18.16 0.96 22.57 0.494 8.983
n4258 MI014775 18.87 0.83 22.32 0.472 8.998
n4258 MI179138 19.57 1.31 23.68 0.375 8.987
n4258 MI001824 20.79 1.11 22.9 0.4 9.002
n4258 MI034408 21.65 0.99 22.03 0.604 8.98
n4258 MI023741 22.43 1.6 23.31 0.464 8.993
n4258 MI044839 22.6 1.19 22.69 0.424 8.96
n4258 MI104131 22.92 1.07 22.42 0.271 8.925
n4258 MI046945 23.28 1.04 22.29 0.535 8.959
n4258 MI043119 24.09 1.01 22.1 0.473 8.961
n4258 MI008361 24.14 1.4 22.33 0.541 8.999
n4258 MI030136 24.75 1.37 22.39 0.461 8.982
n4258 MI037683 26.42 1.59 22.78 0.429 8.976
n4258 MI106960 26.76 1.09 22.76 0.193 8.92
n4258 MI009241 26.87 0.85 22.36 0.481 8.988
n4258 MI014316 28.01 1.22 22.13 0.384 8.994
n4258 MI083857 29.94 0.85 21.49 0.279 8.932
n4258 MI036217 30.91 1.4 23.03 0.443 8.98
n4258 MI062769 31.55 0.9 21.88 0.286 8.966
n4258 MI017423 31.91 1.39 22.35 0.487 8.993
n4258 MI049279 32.24 1.05 21.94 0.379 8.949
n4258 MI029058 34.14 0.98 21.92 0.528 8.978
n4258 MI189390 34.99 1.1 21.87 0.284 8.955
n4258 MI017369 35.13 1.24 21.76 0.402 8.978
n4258 MI034159 38.92 1.2 21.77 0.396 8.975
n4258 MI008480 39.11 0.94 21.57 0.373 8.99
n4258 MI032759 39.31 1.14 21.97 0.38 8.929
n4258 MI000475 39.82 1.15 22.23 0.32 8.932
n4258 MI077610 44.25 1.12 21.44 0.299 8.945
n4258 C085 51.9 1.15 21.76 0.238 8.957
n4258 MI114689 5.173 0.78 24.36 0.458 8.879
n4258 MI131488 5.196 0.95 24.16 0.491 8.843
n4258 MI140072 6.698 0.95 24.22 0.324 8.765
n4258 MI098134 7.317 0.9 23.77 0.518 8.893
n4258 C016 8.61 0.96 23.83 0.239 8.722
n4258 MI125587 9.763 1.06 24.3 0.258 8.831
n4258 MI145186 10.74 0.89 23.57 0.213 8.771
n4258 C034 11.08 0.83 23.77 0.242 8.767
n4258 MI106997 15.34 0.94 23.5 0.342 8.897
n4258 MI144134 15.59 1.04 22.95 0.174 8.775
n4258 MI138294 16.22 1.1 22.73 0.191 8.833
n4258 MI143829 16.86 1.41 23.28 0.175 8.74
n4258 MI121078 18.03 1.15 22.89 0.282 8.895
n4258 MI116159 21.42 1.06 23.31 0.232 8.902
n4258 MI117779 5.384 0.86 24.89 0.538 8.9
n4258 MI083918 6.331 0.65 25.11 0.561 8.871
n4258 MI112780 7.242 0.86 24.28 0.562 8.901
n4258 MI109379 7.606 1.12 23.81 0.422 8.901
n4258 MI095711 11.08 1.25 23.63 0.428 8.889
n4258 C039 13.09 1.22 23.69 0.319 8.81
n4258 C051 17.56 1.2 23.37 0.226 8.834
n4258 MI121312 17.58 1.17 23.34 0.263 8.887
n4258 C054 18.53 1.01 23.43 0.219 8.852
n4258 MI118782 25.84 1.05 22.61 0.207 8.894
n4258 C024 9.376 1.15 23.5 0.228 8.8
