n4536   27185  13.000  0.97 24.91  0.31  8.54
n4536   42353  13.070  0.73 26.29  0.74  8.97
n4536   50718  13.730  0.88 24.51  0.42  8.64
n4536   72331  13.910  0.89 24.84  0.44  8.81
n4536   65694  14.380  0.98 25.26  0.38  8.90
n4536   58805  14.440  1.13 23.41  0.35  8.78
n4536   53703  14.530  0.72 25.38  0.47  8.72
n4536   70938  14.620  0.64 25.81  0.58  8.94
n4536   40098  14.640  0.95 25.12  0.52  8.72
n4536   48539  15.030  0.90 23.53  0.31  8.89
n4536   65695  15.160  1.03 24.49  0.41  8.89
n4536   66974  15.650  1.13 23.43  0.44  8.79
n4536   67328  16.240  0.82 23.98  0.32  8.87
n4536   71258  17.020  0.82 24.01  0.27  8.95
n4536   68306  17.160  0.63 24.72  0.19  8.97
n4536   45164  17.310  0.93 24.72  0.56  8.69
n4536   50050  17.560  1.06 23.58  0.26  8.75
n4536   64661  17.650  0.94 24.29  0.30  8.92
n4536   40923  18.160  1.06 23.95  0.24  8.53
n4536   66029  18.390  0.67 24.72  0.24  8.67
n4536   75137  18.670  0.90 24.45  0.22  8.63
n4536   35584  18.890  0.60 25.24  0.36  8.58
n4536   60991  19.010  0.49 24.60  0.47  8.77
n4536   74017  19.310  0.85 25.22  0.50  8.91
n4536   33174  19.470  0.67 24.58  0.25  8.55
n4536   38963  19.600  1.04 24.38  0.26  8.57
n4536   37037  19.650  0.85 24.37  0.25  8.62
n4536   65214  19.690  0.75 24.13  0.23  8.61
n4536   65080  19.980  0.76 24.76  0.25  9.01
n4536   69821  20.410  0.92 24.43  0.21  8.65
n4536   60845  21.260  0.75 23.93  0.29  8.86
n4536   36586  21.290  0.95 25.16  0.61  8.74
n4536   45000  21.580  0.90 24.39  0.35  8.85
n4536   58232  21.940  0.89 24.34  0.25  8.80
n4536   49022  22.660  0.95 24.97  0.62  8.79
n4536   60060  22.680  1.11 24.80  0.47  8.77
n4536   25262  22.910  1.30 25.05  0.43  8.58
n4536   57215  23.210  0.91 24.48  0.34  8.68
n4536   64002  24.310  1.20 23.77  0.31  8.79
n4536   67162  24.430  0.96 24.02  0.18  9.00
n4536   52964  28.050  1.17 23.18  0.24  8.73
n4536   49080  28.740  0.97 23.89  0.32  8.76
n4536   56988  29.060  0.47 23.74  0.35  8.77
n4536   39040  29.980  1.12 23.48  0.36  8.81
n4536   49524  30.200  1.11 24.32  0.50  8.82
n4536   28024  30.220  1.13 24.14  0.26  8.58
n4536   24880  30.230  1.05 24.65  0.29  8.57
n4536   46407  31.320  1.00 23.55  0.21  8.89
n4536   41282  32.940  0.97 23.21  0.26  8.69
n4536   64465  35.160  0.90 22.90  0.24  8.75
n4536   56960  35.880  1.09 23.56  0.29  8.76
n4536   55447  37.270  0.92 23.91  0.32  8.77
n4536   70171  37.590  0.95 23.49  0.17  8.69
n4536   59779  39.620  0.75 24.23  0.16  9.05
n4536   74682  42.660  1.04 23.10  0.19  8.92
n4536   35530  42.930  1.06 24.10  0.19  8.54
n4536   58154  49.380  0.78 22.97  0.22  8.79
n4536   62963  50.040  1.09 23.47  0.14  9.02
n4536   42055  50.670  1.02 23.31  0.14  8.52
n4536   66973  52.410  0.75 22.79  0.21  8.79
n4536   71233  54.450  1.00 22.52  0.16  8.78
n4536   47585  54.530  0.97 22.68  0.12  8.57
n4536   65517  60.160  1.13 22.93  0.13  9.01
n4536   73471  64.740  1.04 21.34  0.16  8.90
n4536   72937  66.230  0.94 23.10  0.20  8.89
n4536   44078 111.900  0.90 22.61  0.13  8.90
n4536   48663 119.100  1.14 22.21  0.12  8.88
n4536   58929 158.100  1.09 21.79  0.12  8.78
n4536   51147 187.200  1.25 21.87  0.18  8.80
n4639   93194  16.350  0.98 24.31  0.54  9.13
n4639   38185  16.540  0.75 26.05  0.46  8.90
n4639   39515  18.120  0.97 25.18  0.15  8.57
n4639   36306  19.420  0.85 24.18  0.46  9.05
n4639  111466  19.600  0.97 24.66  0.31  8.86
n4639   33734  21.690  0.86 24.58  0.30  8.88
n4639   42674  21.820  0.86 25.51  0.73  9.14
n4639   45895  21.890  0.95 24.51  0.43  9.13
n4639  102787  22.380  1.00 25.18  0.32  8.77
n4639   70860  24.250  1.05 24.68  0.59  8.97
n4639   46993  24.900  1.10 24.71  0.48  8.98
n4639   41122  25.800  0.92 23.87  0.35  9.10
n4639   39959  26.990  0.90 25.52  0.67  9.05
n4639   64316  27.140  0.93 23.82  0.60  9.03
n4639   34553  29.190  0.72 25.18  0.49  8.98
n4639  107795  30.020  0.87 24.81  0.28  8.87
n4639   78588  30.840  0.78 24.37  0.36  8.93
n4639   97020  30.900  1.13 25.24  0.14  8.63
n4639   27312  33.040  0.82 24.21  0.20  8.88
n4639   89925  33.440  0.75 24.93  0.26  8.87
n4639   45055  35.000  0.87 23.75  0.43  9.19
n4639   50944  35.160  0.97 24.17  0.61  9.20
n4639   32876  36.410  1.04 23.83  0.32  8.81
n4639   81322  38.150  0.88 24.99  0.81  9.25
n4639   87883  40.900  0.88 23.52  0.32  9.01
n4639  114011  41.180  0.92 23.95  0.23  8.86
n4639   65236  41.360  0.78 25.04  0.80  9.20
n4639   26954  43.750  0.94 23.88  0.20  8.88
n4639   76749  45.670  1.06 24.23  0.67  9.10
n4639  115343  48.340  1.15 24.44  0.24  8.84
n4639   86917  48.910  1.03 23.98  0.11  8.69
n4639   91692  49.610  1.18 23.35  0.39  9.11
n4639   47978  54.970  0.85 24.14  0.39  8.95
n4639   80923  58.320  1.12 24.21  0.40  9.21
n4639   36973  64.850  1.42 23.64  0.25  9.07
n4639   91486  86.690  0.93 24.90  0.71  9.09
n4639   89399 105.300  0.85 23.12  0.35  9.15
n3370   88045  14.450  0.67 25.84  0.58  8.92
n3370   35527  15.090  1.07 24.91  0.47  8.93
n3370    8849  15.390  0.96 24.69  0.54  8.90
n3370   52153  15.770  0.69 25.93  0.27  8.37
n3370    2204  16.210  0.91 26.36  0.64  8.63
n3370   24497  16.780  0.87 25.52  0.55  8.86
n3370    4668  17.260  0.82 26.69  0.57  8.75
n3370   78990  17.370  0.91 25.53  0.57  8.82
n3370    2638  17.460  0.76 25.70  0.51  8.71
n3370   37156  17.840  0.80 25.44  0.49  8.78
n3370   11908  18.760  1.02 24.58  0.61  8.94
n3370    8367  18.880  0.92 25.44  0.65  8.87
n3370   44450  19.100  0.85 25.40  0.47  8.77
n3370    5394  19.210  0.97 26.12  0.60  8.69
n3370   21444  19.640  0.93 26.74  0.92  8.91
n3370   52086  19.910  0.86 25.34  0.36  8.59
n3370   45559  20.200  0.75 25.52  0.27  8.48
n3370   45280  20.270  0.84 25.85  0.43  8.67
n3370   51454  20.510  0.92 24.98  0.31  8.46
n3370   50670  20.520  0.85 25.99  0.65  8.64
n3370   11992  21.780  0.95 25.50  0.39  8.75
n3370   10540  21.790  0.84 24.94  0.35  8.69
n3370    8807  23.720  1.05 25.78  0.45  8.92
n3370   47494  24.430  1.22 24.42  0.45  8.77
n3370   23575  24.450  0.94 25.74  0.23  8.58
n3370   53228  24.730  0.86 26.06  0.24  8.43
n3370   23818  26.330  1.04 25.20  0.53  8.94
n3370   22838  26.380  1.00 25.16  0.31  8.66
n3370   81239  26.420  0.67 24.69  0.59  8.95
n3370   39583  26.870  0.95 24.50  0.61  8.84
n3370   48470  27.350  1.07 25.61  0.27  8.55
n3370    5744  27.740  1.06 25.33  0.49  8.83
n3370   51334  28.790  0.98 26.88  0.62  8.61
n3370    4531  29.230  1.00 25.38  0.29  8.71
n3370   62219  29.430  1.11 25.16  0.58  8.89
n3370   46992  29.600  0.95 25.42  0.68  8.72
n3370   51430  30.430  1.04 24.55  0.23  8.62
n3370   27556  30.690  0.99 25.36  0.23  8.70
n3370   19943  30.800  0.73 24.19  0.81  8.97
n3370   13380  31.740  0.85 23.71  0.79  9.05
n3370   15081  32.560  1.22 25.12  0.26  8.80
n3370   18200  32.860  1.12 24.54  0.42  8.88
n3370   26416  33.400  1.19 24.68  0.50  8.98
n3370   52428  33.480  1.03 24.80  0.20  8.54
n3370   31439  33.490  1.00 25.28  0.34  8.76
n3370   17886  33.560  1.25 24.35  0.52  9.13
n3370   49211  33.570  0.96 24.57  0.37  8.72
n3370   52279  33.690  1.04 25.26  0.18  8.48
n3370    4345  34.070  1.21 24.82  0.38  8.79
n3370    1320  34.580  1.06 24.81  0.32  8.62
n3370   17969  34.710  1.17 24.43  0.60  8.93
n3370   10677  35.240  1.12 25.00  0.57  8.97
n3370   19618  35.660  1.20 24.81  0.57  9.10
n3370   22097  36.020  0.98 24.08  0.52  8.95
n3370   50582  36.690  1.07 24.74  0.26  8.67
n3370   59919  36.990  0.90 25.07  0.47  8.81
n3370   45614  37.020  0.82 24.45  0.34  8.86
n3370   21445  37.100  1.09 24.94  0.23  8.68
n3370   16214  37.210  1.18 23.10  0.39  8.67
n3370   30965  37.280  0.95 24.90  0.27  8.74
n3370   20306  37.280  0.76 24.52  0.68  9.02
n3370   21506  38.540  0.76 24.41  0.34  8.80
n3370   31251  39.290  0.92 24.80  0.26  8.72
n3370   47492  39.410  1.14 24.68  0.32  8.75
n3370   18990  40.010  0.80 24.66  0.12  8.56
n3370   20732  41.550  1.17 23.98  0.37  8.86
n3370    9431  43.100  0.84 24.52  0.36  8.89
n3370    6440  43.940  1.18 24.63  0.45  8.86
n3370   85483  44.570  1.14 23.90  0.59  8.93
n3370   28504  44.970  0.82 24.18  0.31  8.90
n3370    9014  45.100  1.12 25.24  0.34  8.91
n3370   40168  45.400  1.02 23.73  0.15  8.64
n3370    5439  45.820  0.97 24.10  0.25  8.83
n3370   46830  45.880  1.07 24.80  0.35  8.78
n3370   46035  50.130  1.09 24.39  0.19  8.59
n3370   28129  50.570  1.12 25.29  0.72  9.07
n3370    5361  50.600  0.89 24.42  0.33  8.82
n3370   28534  51.150  0.97 24.72  0.41  8.91
n3370   48903  51.680  1.07 24.40  0.25  8.74
n3370   15864  52.410  1.02 23.68  0.51  9.01
n3370    4367  52.720  1.23 25.34  0.39  8.78
n3370   13303  52.740  1.15 24.31  0.24  8.75
n3370    1528  60.680  0.82 24.03  0.17  8.63
n3370    5501  62.700  1.26 23.71  0.29  8.83
n3370    6706  64.790  0.96 24.11  0.28  8.84
n3370    7014  66.710  1.07 23.68  0.28  8.79
n3370   33669  67.230  1.38 23.99  0.35  9.06
n3370    9063  68.900  0.80 23.84  0.24  8.92
n3370   22612  69.350  1.03 23.68  0.19  8.83
n3370   29662  71.520  0.90 23.81  0.22  8.88
n3370   22718  73.360  0.90 23.59  0.32  8.93
n3370    1454  79.260  1.34 24.00  0.15  8.63
n3370   33346  80.840  0.89 24.04  0.60  9.10
n3370   33195  81.040  1.00 23.84  0.13  8.72
n3370    4471  83.280  1.43 23.83  0.18  8.78
n3370   22098  86.330  1.05 23.64  0.27  8.94
n3370    3205  88.250  1.02 23.62  0.13  8.66
n3370   31067  88.540  1.14 24.73  0.71  9.17
n3370   48741  96.480  0.97 23.75  0.13  8.75
n3370    8038  96.820  1.09 23.35  0.12  8.76
n3370   17501  98.720  1.07 23.79  0.41  9.02
n3982   10587  16.580  0.86 25.45  0.52  8.75
n3982   32275  16.980  0.94 26.54  0.75  8.87
n3982   54537  17.020  0.84 25.78  0.51  8.82
n3982   12797  18.150  1.10 24.78  0.43  8.72
n3982   68254  18.290  0.87 25.38  0.25  8.51
n3982   15318  18.510  1.30 23.79  0.50  8.88
n3982   64179  18.750  0.97 25.39  0.48  8.72
n3982   19463  18.940  1.25 25.40  0.19  8.36
n3982   73388  19.620  0.91 25.27  0.24  8.26
n3982   48062  20.840  0.62 25.24  0.56  9.04
n3982   35102  21.380  0.90 24.67  0.46  8.98
n3982   16746  21.460  1.05 25.16  0.35  8.64
n3982   20027  22.730  1.00 25.58  0.52  8.97
n3982   85628  23.580  0.92 24.60  0.48  8.92
n3982   40688  23.690  0.86 25.24  0.51  8.78
n3982   51886  24.550  1.10 25.05  0.18  8.36
n3982   65962  24.580  0.86 26.43  0.59  8.70
n3982   57905  25.240  0.68 25.42  0.41  8.88
n3982   86821  25.360  0.75 25.35  0.65  9.10
n3982   21186  26.780  0.61 23.99  0.42  8.94
n3982   49777  27.330  0.79 25.66  0.89  9.05
n3982   65677  28.580  1.28 22.76  0.15  8.44
n3982   35316  29.030  1.20 24.77  0.45  8.84
n3982   72633  32.520  1.13 25.68  0.28  8.32
n3982   39405  33.840  0.75 23.21  0.36  8.81
n3982   10406  34.200  1.25 24.80  0.16  8.57
n3982   21055  37.340  1.22 24.48  0.24  8.76
n3982   16117  37.990  1.12 24.37  0.36  8.93
n3982   10837  38.470  1.10 24.19  0.26  8.77
n3982   69280  38.680  1.19 24.39  0.12  8.28
n3982   17690  39.190  1.09 25.51  0.58  8.98
n3982   82298  40.310  0.82 24.41  0.25  8.72
n3982   67799  40.440  1.01 24.54  0.12  8.46
n3982   10346  40.440  1.27 24.11  0.21  8.72
n3982   32060  40.720  1.26 25.03  0.58  8.99
n3982   72603  51.610  0.92 23.95  0.13  8.32
n3982   89486  62.440  0.88 23.28  0.40  9.02
n3982   12402  72.360  1.00 23.06  0.28  8.82
n3021   16026  12.220  0.77 26.61  0.46  8.39
n3021   34830  13.390  0.88 26.08  0.59  8.75
n3021   39653  14.070  0.67 26.42  0.48  8.32
n3021   73085  14.560  0.90 26.90  0.65  8.39
n3021   71145  16.120  0.67 24.88  0.36  8.73
n3021   64603  16.280  1.27 26.28  0.75  9.01
n3021   29320  18.680  0.73 25.66  0.69  8.90
n3021   26176  19.470  0.73 25.56  0.39  8.67
n3021   54363  20.450  1.13 26.89  0.76  8.80
n3021   42349  20.560  0.77 25.08  0.44  9.10
n3021   35001  20.990  0.96 25.48  0.60  8.77
n3021   70351  22.570  0.92 24.43  0.56  8.82
n3021   73805  22.900  0.77 25.61  0.20  8.44
n3021   69513  23.980  0.97 24.70  0.44  8.88
n3021   70368  25.140  0.71 25.96  0.41  8.68
n3021   60391  28.670  0.86 24.89  0.31  8.76
n3021   31450  31.640  0.70 24.30  0.54  8.98
n3021   54600  32.590  0.86 24.80  0.47  8.92
n3021   66191  32.660  0.79 25.81  0.24  8.36
n3021   57991  35.430  0.67 24.93  0.62  9.18
n3021   68742  36.730  0.96 25.10  0.29  8.83
n3021   94290  37.110  1.11 25.10  0.73  8.93
n3021   59774  39.190  0.92 24.56  0.32  8.79
n3021   32262  44.790  1.26 24.24  0.55  9.02
n3021   34624  48.270  1.00 23.98  0.59  8.93
n3021  101986  56.240  1.20 24.70  0.53  9.03
n3021   26664  58.580  0.76 24.33  0.26  8.67
n3021   38746  74.770  0.81 23.18  0.52  8.96
n3021   61619  81.020  1.14 24.06  0.38  9.10
n3021   33806 108.300  0.87 23.76  0.49  9.08
n1309   21599  20.930  0.69 27.02  0.51  8.70
n1309    9778  21.980  0.59 25.11  0.32  8.79
n1309    8610  23.220  0.68 25.88  0.66  9.10
n1309    6631  24.810  0.57 24.76  0.34  8.76
n1309    6737  25.450  0.70 25.80  0.59  8.77
n1309   44606  25.840  0.38 26.64  0.63  8.83
n1309   41542  27.710  0.77 24.75  0.53  8.98
n1309    2343  29.610  0.60 24.63  0.23  8.86
n1309   23076  30.660  0.82 24.97  0.49  9.00
n1309    7224  30.900  0.82 26.03  0.78  8.70
n1309   50024  31.690  1.00 24.76  0.38  8.79
n1309   59151  32.610  0.59 24.36  0.32  8.74
n1309   60583  32.950  0.92 25.95  0.66  9.13
n1309    4322  33.250  0.59 25.30  0.23  8.74
n1309    3108  33.710  0.73 25.43  0.30  8.80
n1309    9099  33.740  0.67 24.59  0.72  9.10
n1309   30771  33.740  0.77 24.10  0.17  8.57
n1309   14063  34.070  0.71 24.70  0.35  9.10
n1309   59846  35.120  0.78 24.37  0.67  9.11
n1309    7868  36.170  0.78 25.53  0.35  8.85
n1309    7989  39.410  0.89 24.55  0.26  8.85
n1309   27980  39.920  1.07 25.06  0.60  8.93
n1309   52975  40.520  0.76 25.57  0.17  8.56
n1309    7994  40.680  0.89 25.35  0.61  8.81
n1309    1166  41.110  1.10 25.12  0.21  8.82
n1309   76534  41.860  0.62 25.55  0.77  9.09
n1309   22918  42.030  0.82 24.28  0.43  8.99
n1309    2032  42.530  0.72 24.45  0.24  8.85
n1309   48747  42.680  0.85 24.96  0.16  8.63
n1309   67393  42.740  0.85 25.01  0.67  9.23
n1309   58298  43.520  0.77 24.87  0.21  8.75
n1309    7331  44.580  0.52 24.73  0.81  9.08
n1309    1732  45.000  0.72 24.73  0.21  8.84
n1309   19368  45.250  0.79 26.25  0.67  9.00
n1309   49584  45.670  0.78 25.75  0.58  8.83
n1309   16143  46.740  1.00 25.05  0.37  8.97
n1309   15346  46.850  0.81 24.18  0.54  9.04
n1309   52566  47.410  0.53 24.70  0.38  8.70
n1309   52170  47.990  0.96 24.89  0.35  8.73
n1309    4882  48.910  0.75 25.24  0.19  8.78
n1309   68817  49.930  0.53 25.11  0.57  9.11
n1309   15318  51.450  0.76 24.71  0.18  8.84
n1309   71911  51.990  0.76 24.90  0.69  9.07
n1309   28132  52.240  1.02 25.43  0.65  9.00
n1309    6581  58.980  0.79 24.61  0.20  8.82
n1309    6542  59.120  0.90 24.49  0.21  8.79
n1309   53187  59.750  0.57 24.85  0.29  8.68
n1309   69494  60.170  0.92 24.34  0.33  8.97
n1309   19918  64.940  0.81 24.96  0.36  8.98
n1309   64757  65.020  1.09 24.02  0.37  9.01
n1309   13102  66.340  0.82 24.73  0.26  8.93
n1309   45088  71.400  0.78 24.44  0.56  8.88
n1309    3836  73.270  0.87 24.27  0.17  8.90
n1309    7702  73.760  0.86 24.12  0.22  8.74
n1309   23616  82.130  0.90 24.34  0.12  8.67
n1309    4908  97.890  0.96 23.99  0.27  9.02
n5584  835998  97.750  1.38 23.67  0.14  8.81
n5584  625643  93.910  1.17 24.11  0.23  8.85
n5584  414458  91.510  1.52 23.37  0.21  8.88
n5584  325718  88.510  1.14 23.18  0.18  8.80
n5584  449432  84.690  1.03 23.39  0.23  8.83
n5584  735368  81.350  1.09 23.15  0.16  8.74
n5584  395114  81.190  1.28 23.91  0.23  8.95
n5584  172880  79.480  1.23 23.18  0.16  8.73
n5584  354807  75.260  1.17 23.83  0.20  8.92
n5584  200686  74.800  1.34 23.62  0.20  8.76
n5584  801059  71.460  1.04 23.45  0.17  8.86
n5584  781327  68.170  0.97 24.62  0.38  8.96
n5584 1028620  65.820  1.15 23.69  0.14  8.70
n5584  325206  64.080  1.20 24.02  0.19  8.87
n5584  185292  63.110  0.90 23.89  0.25  8.70
n5584  715226  60.540  1.10 24.25  0.34  9.01
n5584  607520  60.040  1.11 23.76  0.24  8.87
n5584  758598  58.780  1.20 25.00  0.43  8.95
n5584  628911  57.830  1.03 23.94  0.29  8.87
n5584  770520  57.730  1.36 23.27  0.14  8.70
n5584  111577  56.720  0.95 23.66  0.23  8.67
n5584  823580  56.170  1.36 23.68  0.23  8.91
n5584  473829  55.130  1.02 23.72  0.26  8.82
n5584  673309  53.560  1.21 23.49  0.20  8.84
n5584  549082  52.160  1.05 24.15  0.33  9.09
n5584  502797  51.920  1.17 23.65  0.24  9.00
n5584  858989  51.770  1.11 23.08  0.20  8.87
n5584  766511  49.350  1.14 24.56  0.23  8.68
n5584  775000  47.940  1.50 23.97  0.27  8.77
n5584  891587  47.860  1.05 23.79  0.21  8.86
n5584 1031570  47.050  1.09 24.17  0.17  8.70
n5584  478350  46.750  1.36 24.41  0.29  8.94
n5584  781586  46.660  0.65 24.38  0.36  8.97
n5584  455911  46.100  1.15 25.36  0.54  8.84
n5584  295981  45.660  0.93 24.23  0.21  8.85
n5584  347072  44.980  0.89 23.05  0.35  8.83
n5584   97566  43.490  1.42 23.84  0.26  8.65
n5584  411135  43.460  1.01 24.20  0.38  8.97
n5584  715986  42.450  1.46 24.46  0.32  8.85
n5584  374736  41.520  1.07 24.12  0.44  8.88
n5584  238461  39.160  1.35 24.65  0.46  8.79
n5584  571414  39.160  1.07 24.04  0.31  8.93
n5584 1003920  39.010  1.07 23.91  0.31  8.70
n5584  545366  38.810  0.88 25.31  0.46  8.98
n5584  727892  38.650  1.02 24.73  0.29  8.72
n5584  449157  38.490  0.94 24.72  0.55  9.00
n5584  513827  38.200  1.16 23.80  0.48  9.09
n5584  605531  38.070  1.10 24.79  0.41  8.94
n5584  550433  38.040  1.22 24.27  0.19  8.66
n5584 1015180  37.170  1.00 24.15  0.26  8.72
n5584  606041  36.880  0.86 23.84  0.32  8.83
n5584  738261  36.540  1.29 24.60  0.48  8.98
n5584  390652  36.480  0.86 24.25  0.49  8.86
n5584  421192  36.290  1.09 23.90  0.38  8.98
n5584  253461  36.270  1.36 24.54  0.60  8.77
n5584  200467  35.850  1.40 24.93  0.35  8.73
n5584  208725  35.130  0.98 24.76  0.44  8.73
n5584  493790  34.440  1.01 24.94  0.60  9.05
n5584  267902  33.470  0.84 25.99  0.65  8.78
n5584  644384  33.110  0.89 25.58  0.69  8.83
n5584  220248  31.360  1.05 24.49  0.28  8.77
n5584  811974  31.060  1.04 24.33  0.37  8.76
n5584  918325  30.500  0.95 24.61  0.31  8.81
n5584  521128  30.460  1.07 24.45  0.40  9.02
n5584  464626  30.310  1.21 24.64  0.36  8.90
n5584  378235  30.170  1.15 24.69  0.19  8.59
n5584  418643  30.100  1.09 23.99  0.30  8.90
n5584  511109  30.000  1.07 24.72  0.44  9.04
n5584  466137  29.600  1.19 24.53  0.55  8.96
n5584 1073820  29.510  1.20 23.91  0.21  8.66
n5584  412396  28.870  0.79 24.66  0.66  8.91
n5584  230093  28.360  1.36 24.49  0.37  8.79
n5584  504490  28.310  0.76 24.40  0.51  9.08
n5584  927325  27.860  1.34 24.68  0.29  8.76
n5584  298430  27.530  0.93 25.12  0.30  8.73
n5584  602554  26.710  1.06 24.19  0.46  8.82
n5584  563696  26.660  1.10 24.94  0.34  8.92
n5584  711358  26.640  0.98 25.59  0.39  8.77
n5584  852752  26.360  1.20 23.96  0.27  8.84
n5584  519642  25.750  1.02 23.63  0.43  9.05
n5584  550434  25.590  1.09 24.99  0.28  8.64
n5584  740028  25.570  0.97 24.66  0.63  9.00
n5584  825506  25.300  1.01 26.32  0.49  8.81
n5584  912240  25.060  0.92 25.21  0.41  8.82
n5584  892554  25.020  1.32 24.48  0.38  8.81
n5584  729270  24.710  1.00 25.06  0.27  8.64
n5584   82928  24.280  0.85 25.13  0.43  8.64
n5584  552392  23.440  0.92 25.91  0.33  8.64
n5584  534937  23.330  1.03 25.03  0.13  8.61
n5584  549585  22.920  0.89 24.82  0.47  9.01
n5584  853244  22.520  1.00 26.65  0.69  8.80
n5584  321323  21.510  1.09 24.77  0.76  8.83
n5584  787283  21.070  0.97 24.90  0.50  8.97
n5584  889136  20.770  1.15 24.54  0.35  8.75
n5584  258671  20.280  1.00 25.50  0.43  8.79
n5584  136908  19.600  0.88 25.13  0.51  8.64
n5584  482301  18.430  1.00 25.96  0.72  9.04
n5584  710341  17.990  1.12 24.43  0.47  8.85
n5584 1006820  17.300  1.14 26.26  0.31  8.69
n5584  666561  17.080  1.19 24.47  0.43  9.08
n5584  429073  16.400  0.75 25.92  0.53  8.87
n5584  590730  14.490  1.00 26.20  0.58  8.89
n5584  790690  14.450  1.15 25.36  0.63  8.59
n4038   14850  20.110  0.88 24.41  0.44  9.06
n4038    2741  20.960  0.86 24.68  0.37  8.98
n4038    1786  23.360  1.13 24.12  0.42  8.92
n4038   79340  23.400  0.80 24.06  0.36  8.82
n4038   90544  23.420  0.76 24.13  0.60  8.72
n4038   61885  25.890  1.30 24.15  0.48  9.10
n4038   66226  26.410  1.10 24.20  0.54  9.01
n4038    2899  28.290  1.31 24.23  0.39  8.98
n4038   50618  30.050  1.09 25.62  0.61  9.00
n4038   61212  30.060  1.18 23.69  0.55  8.97
n4038   14127  32.610  0.94 24.77  0.50  9.05
n4038   66568  35.150  1.11 24.87  0.57  9.00
n4038    2098  36.060  1.10 24.64  0.45  8.95
n4038   52139  36.530  1.13 24.13  0.42  9.12
n4038   56965  37.870  1.01 23.26  0.57  9.05
n4038   12318  38.710  0.94 23.93  0.57  9.06
n4038   57613  39.820  1.10 23.70  0.51  9.01
n4038   59401  40.070  1.40 24.34  0.43  9.04
n4038   61493  40.840  0.93 24.56  0.54  9.04
n4038   67110  41.070  0.92 24.66  0.48  9.01
n4038   87068  42.410  1.20 24.85  0.54  8.82
n4038   60844  42.910  1.04 23.83  0.54  9.03
n4038   75207  42.990  1.27 24.19  0.37  8.97
n4038    1757  43.980  1.26 23.81  0.27  8.95
n4038   40839  45.850  1.13 24.25  0.35  9.05
n4038   63839  46.160  1.12 24.09  0.39  9.02
n4038   74894  46.310  0.93 22.97  0.50  8.89
n4038   80094  46.730  1.48 23.27  0.47  8.89
n4038   49858  50.340  1.00 24.36  0.49  9.02
n4038   88457  53.950  1.27 23.99  0.43  8.78
n4038   12435  54.500  0.81 23.95  0.52  9.09
n4038   61356  58.780  1.23 24.59  0.57  9.04
n4038   82809  61.040  1.03 23.11  0.43  8.81
n4038   77376  61.360  1.40 23.70  0.62  8.91
n4038   62538  64.410  1.28 23.14  0.29  8.97
n4038   10441  66.680  1.23 24.70  0.63  9.06
n4038   67639  72.930  1.28 23.53  0.38  9.07
n4038   67811  76.830  1.45 23.03  0.21  8.92
n4038    5006 102.900  1.13 23.42  0.45  9.02
n4038   16265 117.600  1.32 22.80  0.39  9.11
n4038   24649 118.800  1.00 22.71  0.35  9.16
n4038    8342 121.800  1.23 23.24  0.27  9.05
n4038    5625 133.900  1.27 22.29  0.31  9.02
n4038   41146 162.100  0.84 22.60  0.21  9.07
n4038   69575 197.100  1.07 22.09  0.16  9.04
n4038   27608 203.300  0.89 22.30  0.30  9.17
n4258   50193  93.230  0.82 21.20  0.15  8.95
n4258   42837  95.920  0.93 20.74  0.18  8.96
n4258    9633  69.460  1.18 20.60  0.23  9.00
n4258   31107  58.210  1.21 21.59  0.24  8.97
n4258   15470  50.700  1.48 20.89  0.27  8.99
n4258   47358  50.890  0.86 21.58  0.27  8.96
n4258   29058  40.540  0.95 21.59  0.33  8.97
n4258   34159  41.570  1.01 21.77  0.32  8.97
n4258   19435  39.530  0.82 20.92  0.35  8.99
n4258    8480  37.630  0.75 21.27  0.43  8.98
n4258   49279  36.120  0.94 21.70  0.27  8.94
n4258    8723  35.570  0.96 22.73  0.46  8.99
n4258   17423  34.570  1.27 22.24  0.40  8.99
n4258   15103  34.360  1.14 23.36  0.61  8.99
n4258   33434  34.480  0.78 20.86  0.32  8.97
n4258   17369  34.930  1.00 21.59  0.37  8.97
n4258  189390  34.410  0.95 22.09  0.29  8.95
n4258   22927  33.990  1.04 21.58  0.29  8.98
n4258    3147  33.390  1.01 22.50  0.41  8.99
n4258   36217  31.100  1.25 23.29  0.53  8.97
n4258   36357  29.480  0.86 22.50  0.41  8.96
n4258   21518  30.950  0.46 21.53  0.34  8.96
n4258   14316  29.630  1.14 22.45  0.44  8.99
n4258   44839  24.950  1.10 22.42  0.47  8.95
n4258   30136  26.070  1.21 22.47  0.47  8.98
n4258   46945  25.120  0.90 22.09  0.49  8.95
n4258   24960  25.490  1.06 22.19  0.38  8.99
n4258   56661  23.830  0.68 23.31  0.42  8.94
n4258    9241  27.250  0.72 22.26  0.50  8.98
n4258   31615  23.980  1.32 22.20  0.50  8.97
n4258   43119  23.810  0.85 21.87  0.38  8.96
n4258    8361  23.790  1.22 22.32  0.44  8.99
n4258   17151  22.350  1.65 22.23  0.35  8.99
n4258   23741  22.680  1.43 22.98  0.56  8.99
n4258   14643  22.040  1.92 23.66  0.44  8.99
n4258   17357  22.450  1.21 22.11  0.36  8.99
n4258   34408  22.420  0.85 22.11  0.55  8.97
n4258   12898  22.820  0.94 23.19  0.56  8.99
n4258   14775  21.610  0.72 22.44  0.39  8.99
n4258    1824  20.100  0.94 22.96  0.45  9.00
n4258    8052  20.760  0.90 22.05  0.53  9.00
n4258    6616  16.990  0.93 23.16  0.49  9.00
n4258   40434  16.430  1.22 22.66  0.48  8.98
n4258   38988  17.530  0.85 23.34  0.67  8.96
n4258  158057  16.680  1.22 23.95  0.62  8.99
n4258   19414  16.380  0.90 23.27  0.44  8.98
n4258   49332  16.000  0.71 23.33  0.49  8.96
n4258   11066  15.910  1.21 23.70  0.55  9.00
n4258   60978  15.210  1.17 24.55  0.67  8.95
n4258   29222  14.580  0.96 22.86  0.60  8.98
n4258   16299  12.280  1.28 24.49  0.72  8.99
n4258   51416  11.090  0.77 23.45  0.56  8.94
n4258   57246  10.900  0.89 23.47  0.45  8.94
n4258   20566  10.360  1.04 22.52  0.56  8.98
n4258   25811  10.300  0.89 23.62  0.61  8.98
n4258   25760   9.979  0.92 24.38  0.54  8.98
n4258   64217  10.060  0.99 23.40  0.51  8.94
n4258   89807  98.420  1.26 21.11  0.11  8.93
n4258   80885  65.230  1.13 20.75  0.15  8.93
n4258   10849  51.510  1.34 21.63  0.29  8.92
n4258   77289  46.390  1.53 21.69  0.18  8.90
n4258    1625  45.430  1.03 21.19  0.29  8.92
n4258    2686  44.050  1.06 21.78  0.31  8.88
n4258   77610  42.820  1.00 21.58  0.23  8.94
n4258   32759  42.310  0.94 21.78  0.23  8.92
n4258     475  41.880  0.97 21.80  0.34  8.93
n4258   62769  33.020  0.77 21.80  0.25  8.96
n4258   97135  31.780  1.20 22.85  0.28  8.92
n4258   99756  29.050  1.04 22.82  0.27  8.90
n4258  106960  28.260  0.97 22.81  0.27  8.92
n4258   83857  28.130  0.76 21.51  0.30  8.93
n4258   37683  26.180  1.41 22.82  0.31  8.97
n4258  103070  24.860  1.12 22.91  0.45  8.92
n4258   33002  22.480  0.75 23.72  0.56  8.90
n4258  104131  22.890  0.87 22.34  0.25  8.92
n4258  105183  23.000  1.11 22.50  0.26  8.92
n4258   24365  22.380  0.92 22.83  0.59  8.91
n4258   95003  20.570  1.20 23.15  0.29  8.90
n4258   93585  18.190  0.97 22.98  0.41  8.93
n4258   99411  17.020  0.98 24.05  0.50  8.92
n4258   75254  16.520  0.98 22.85  0.39  8.95
n4258   94632  16.030  1.14 22.22  0.44  8.91
n4258   54398  15.730  1.06 22.74  0.53  8.91
n4258  122858  14.280  0.78 23.08  0.33  8.90
n4258  111064  14.590  0.98 22.51  0.33  8.90
n4258   43585  14.800  0.94 23.36  0.31  8.84
n4258   90355  14.500  0.92 23.57  0.49  8.93
n4258   99783  14.310  0.80 23.19  0.67  8.89
n4258   58469  13.080  1.03 24.42  0.84  8.91
n4258   59576  12.650  1.10 23.91  0.61  8.96
n4258  102255  12.250  1.04 24.59        8.92
n4258   89618  12.470  1.01 23.37  0.38  8.94
n4258   74725  11.990  0.80 23.19  0.43  8.95
n4258  126765  11.640  1.02 24.97  0.56  8.89
n4258  100093  12.020  0.72 22.65  0.58  8.91
n4258    7952  11.920  0.90 23.46  0.53  8.91
n4258  110213  11.600  1.19 23.15  0.46  8.90
n4258   84547  11.300  0.81 23.52  0.36  8.94
n4258  109630  10.930  0.82 23.91  0.49  8.91
n4258   95403  11.580  1.03 24.27  0.62  8.91
n4258   91129  11.160  1.00 23.50  0.35  8.93
n4258   91209  10.800  0.88 23.60  0.48  8.94
n4258   91907  10.510  1.20 22.71  0.42  8.93
n4258   94562  10.200  1.03 23.90  0.41  8.91
n4258   97498   9.987  0.98 24.22  0.62  8.93
n4258  104039   9.770  1.17 23.20  0.56  8.91
n4258   11694   4.934  0.71 26.17  0.70  8.70
n4258   10401   5.297  0.75 24.97  0.67  8.70
n4258    5387   6.487  0.71 22.65  0.56  8.68
n4258    9483   6.803  0.75 25.14  0.72  8.69
n4258   11990   8.024  0.65 23.83  0.65  8.71
n4258    2134   8.137  0.72 24.73  0.60  8.66
n4258   13262   8.288  0.92 24.61  0.64  8.72
n4258    9786   8.920  0.72 24.23  0.59  8.70
n4258   81614  20.310  1.01 21.94  0.30  8.92
n4258   67208  18.290  1.09 22.49  0.37  8.92
n4258  116159  21.870  0.89 22.79  0.30  8.90
n4258  143829  18.280  1.25 23.13  0.13  8.73
n4258  121078  18.420  0.97 22.94  0.31  8.89
n4258  138294  15.810  0.93 22.95  0.20  8.83
n4258  106997  15.290  0.84 23.29  0.39  8.89
n4258  144134  15.610  0.89 23.34  0.16  8.77
n4258  107947  14.670  1.03 23.60  0.30  8.89
n4258  118961  12.820  1.26 22.30  0.26  8.89
n4258   95987  11.260  1.28 24.91  0.73  8.89
n4258  141685  10.990  0.83 23.72  0.21  8.76
n4258  145186  10.690  0.88 23.36  0.23  8.77
n4258   29021   3.072  0.82 25.90  0.92  8.68
n4258   26262   5.007  0.77 23.86  0.28  8.73
n4258   40543   5.372  0.80 25.43  0.73  8.72
n4258   31191   5.834  0.70 22.71  0.34  8.67
n4258   29843   5.864  0.72 24.13  0.40  8.73
n4258   20639   6.735  1.03 24.57  0.53  8.73
n4258   25502   7.538  0.92 23.72  0.54  8.73
n4258   24134   8.937  0.87 24.87  0.52  8.73
n4258   12705   9.942  0.84 24.37  0.59  8.67
n4258   14709  10.970  0.84 22.58  0.26  8.68
n4258   19312  13.550  0.82 23.98  0.47  8.72
n4258   15276  16.430  0.87 22.34  0.20  8.68
n4258  118782  25.560  0.89 22.43  0.22  8.89
n4258  121312  17.850  1.02 24.78  0.32  8.88
n4258  117710  14.300  0.83 24.32  0.49  8.89
n4258   95711  10.940  1.12 23.80  0.61  8.88
n4258   17005   5.739  0.92 24.97  0.57  8.73
n4258   23710   5.920  0.77 25.75  0.31  8.75
n4258   12774   6.189  0.68 22.91  0.51  8.71
n4258  999999  92.000  1.00 20.50  0.10  8.84
n4258   42010   8.961  0.95 24.41  0.32  8.76
n4258   28881  86.150  1.80 19.94  0.10  8.75
n4258   28076  31.170  1.06 22.51  0.11  8.77
n4258   27963  21.260  1.27 22.76  0.15  8.77
n4258  220887  31.290  1.26 22.52  0.12  8.77
n4258  220789  21.290  1.04 22.73  0.14  8.77
n4258   21853   6.063  0.96 25.86  0.35  8.74
n4258   15227   7.140  0.95 23.78  0.32  8.72
n4258   24025   9.253  0.84 22.82  0.25  8.75
n4258   28606  53.880  1.03 23.34  0.10  8.76
n4258   19756  48.790  1.22 21.85  0.10  8.76
n4258   16719 109.300  1.25 21.02  0.10  8.74
n4258    8073  32.290  1.30 22.20  0.10  8.71
n4258  307758  32.400  1.02 22.20  0.10  8.71
n4258  144755  12.050  1.16 23.06  0.20  8.81
n4258   29163   6.739  0.80 24.48  0.57  8.75
n4258   34729  14.920  1.12 23.12  0.50  8.75
n4258   89375  12.380  0.92 22.79  0.45  8.89
n4258  246695  11.200  0.91 22.97  0.40  8.89
n4258  312665  39.090  0.80 23.10  0.11  8.78
