HV872    29.855200 11.540  0.024
HV873    34.348000 11.109  0.027
HV875    30.354500 11.285  0.012
HV876    22.706100 11.766  0.031
HV877    45.160000 10.962  0.018
HV878    23.295900 11.735  0.028
HV879    36.782000 11.157  0.026
HV881    35.760300 11.142  0.030
HV882    31.816400 11.328  0.028
HV883   133.900000  9.919  0.045
HV885    20.703200 11.621  0.012
HV886    23.973000 11.537  0.029
HV887    14.488160 12.324  0.018
HV889    25.801300 11.624  0.024
HV891    17.197200 12.114  0.028
HV892    15.987540 12.345  0.027
HV893    21.112400 11.876  0.027
HV899    31.023200 11.359  0.031
HV900    47.540000 10.751  0.022
HV901    18.465840 12.222  0.024
HV902    26.359000 11.469  0.030
HV904    30.390200 11.395  0.035
HV909    37.578000 10.984  0.025
HV911    13.914980 12.503  0.022
HV914     6.879500 13.296  0.014
HV932    13.280600 12.481  0.018
HV953    47.890000 10.423  0.022
HV955    13.731890 12.342  0.019
HV971     9.296960 12.857  0.014
HV997    13.147010 12.575  0.018
HV1002   30.470000 11.186  0.028
HV1003   24.363000 11.479  0.024
HV1005   18.709760 12.141  0.030
HV1006   14.212130 12.375  0.023
HV1013   24.131300 11.625  0.024
HV1019   13.659430 12.479  0.015
HV1023   26.538600 11.618  0.028
HV2244   13.969910 12.423  0.018
HV2251   27.955950 11.319  0.030
HV2257   39.294000 10.944  0.031
HV2260   12.987210 12.860  0.026
HV2262   15.846230 12.235  0.022
HV2270   13.624910 12.611  0.021
HV2279    6.894960 13.215  0.015
HV2282   14.665510 12.392  0.021
HV2291   22.328400 11.908  0.029
HV2294   36.522000 10.868  0.032
HV2324   14.465770 12.418  0.021
HV2337    6.863650 13.445  0.016
HV2338   42.151000 10.798  0.029
HV2339   13.879520 12.370  0.015
HV2352   13.626110 12.450  0.015
HV2369   48.322000 10.534  0.025
HV2405    6.923740 13.496  0.013
HV2432   10.924540 12.653  0.014
HV2447  119.200000  9.704  0.018
HV2463   13.965160 12.381  0.017
HV2527   12.947960 12.684  0.021
HV2538   13.868940 12.452  0.014
HV2549   16.196690 12.078  0.020
HV2579   13.431330 12.334  0.016
HV2580   16.922600 12.102  0.024
HV2733    8.721580 13.053  0.009
HV2749   23.105200 11.955  0.018
HV2793   19.184280 11.954  0.023
HV2827   78.860000  9.976  0.017
HV2836   17.527830 12.276  0.023
HV2854    8.634890 12.979  0.010
HV2883  109.600000 10.237  0.045
HV5497   99.200000  9.602  0.015
HV5541    2.682248 14.668  0.035
HV5655   14.211360 12.553  0.022
HV6065    6.838030 13.496  0.010
HV6093    4.784772 13.830  0.016
HV6098   24.237500 11.405  0.016
HV8036   28.379300 11.558  0.026
HV12225   3.007363 14.639  0.016
HV12226   3.707000 14.181  0.051
HV12452   8.736110 13.025  0.015
HV12471  15.851330 12.453  0.020
HV12505  14.385120 12.600  0.022
HV12656  13.399840 12.453  0.010
HV12700   8.152550 13.151  0.009
HV12717   8.842850 13.051  0.017
HV12724  13.743650 12.655  0.020
HV12747   3.599172 14.357  0.018
HV12765   3.429241 13.914  0.012
HV12815  26.062800 11.424  0.043
HV12816   9.107680 13.059  0.010
HV13048   6.853070 13.359  0.016
U1       22.558300 11.916  0.030
U11      20.072700 11.972  0.032

